Rk,Player,Age,Team,Pos,G,GS,MP,FG,FGA,FG%,3P,3PA,3P%,2P,2PA,2P%,eFG%,FT,FTA,FT%,ORB,DRB,TRB,AST,STL,BLK,TOV,PF,PTS,Awards
1.0,Bernard King,28.0,NYK,SF,55.0,55.0,37.5,12.6,23.7,0.53,0.0,0.2,0.1,12.5,23.5,0.534,0.531,7.7,10.0,0.772,2.1,3.7,5.8,3.7,1.3,0.3,3.7,3.5,32.9,"MVP-7,AS,NBA1"
2.0,Larry Bird,28.0,BOS,SF,80.0,77.0,39.5,11.5,22.0,0.522,0.7,1.6,0.427,10.8,20.4,0.529,0.538,5.0,5.7,0.882,2.1,8.5,10.5,6.6,1.6,1.2,3.1,2.6,28.7,"MVP-1,AS,NBA1"
3.0,Michael Jordan,21.0,CHI,SG,82.0,82.0,38.3,10.2,19.8,0.515,0.1,0.6,0.173,10.1,19.2,0.526,0.518,7.7,9.1,0.845,2.0,4.5,6.5,5.9,2.4,0.8,3.5,3.5,28.2,"MVP-6,ROY-1,AS,NBA2"
4.0,Purvis Short,27.0,GSW,SF,78.0,77.0,39.5,10.5,22.8,0.46,0.6,1.9,0.313,9.9,20.9,0.474,0.473,6.4,7.9,0.817,2.0,3.1,5.1,3.0,1.5,0.3,3.1,3.3,28.0,MVP-20
5.0,Alex English,31.0,DEN,SF,81.0,81.0,36.1,11.6,22.4,0.518,0.0,0.1,0.2,11.6,22.3,0.519,0.518,4.7,5.7,0.829,2.5,3.1,5.7,4.2,1.2,0.6,3.1,3.2,27.9,"MVP-12,AS"
6.0,Dominique Wilkins,25.0,ATL,SF,81.0,81.0,37.3,10.5,23.3,0.451,0.3,1.0,0.309,10.2,22.3,0.457,0.458,6.0,7.4,0.806,2.8,4.1,6.9,2.5,1.7,0.7,2.8,2.1,27.4,MVP-17
7.0,Adrian Dantley,29.0,UTA,SF,55.0,46.0,35.8,9.3,17.5,0.531,0.0,0.0,,9.3,17.5,0.531,0.531,8.0,9.9,0.804,2.7,3.2,5.9,3.4,1.0,0.1,3.1,2.4,26.6,AS
8.0,Mark Aguirre,25.0,DAL,SF,80.0,79.0,33.7,9.9,19.6,0.506,0.3,1.1,0.318,9.6,18.6,0.517,0.515,5.5,7.3,0.759,2.4,3.6,6.0,3.1,0.8,0.3,3.2,3.1,25.7,
9.0,Moses Malone,29.0,PHI,C,79.0,79.0,37.4,7.6,16.3,0.469,0.0,0.0,0.0,7.6,16.2,0.47,0.469,9.3,11.4,0.815,4.9,8.2,13.1,1.6,0.8,1.6,3.6,2.7,24.6,"MVP-3,AS,NBA1"
10.0,Terry Cummings,23.0,MIL,PF,79.0,78.0,34.5,9.6,19.4,0.495,0.0,0.0,0.0,9.6,19.4,0.496,0.495,4.3,5.9,0.741,3.1,6.0,9.1,2.9,1.5,0.8,2.4,3.3,23.6,"MVP-5,AS,NBA2"
11.0,Calvin Natt,28.0,DEN,PF,78.0,76.0,34.1,8.8,16.1,0.546,0.0,0.0,0.0,8.8,16.1,0.547,0.546,5.7,7.2,0.793,2.7,5.1,7.8,3.1,1.0,0.4,2.4,2.3,23.3,"MVP-11,AS"
12.0,Eddie Johnson,25.0,KCK,SF,82.0,81.0,36.9,9.4,19.1,0.491,0.2,0.7,0.241,9.2,18.4,0.5,0.496,4.0,4.5,0.871,1.8,3.1,5.0,3.3,1.0,0.3,2.7,2.9,22.9,
13.0,Orlando Woolridge,25.0,CHI,SF,77.0,76.0,36.6,8.8,15.9,0.554,0.0,0.1,0.0,8.8,15.8,0.557,0.554,5.3,6.8,0.785,2.1,3.6,5.6,1.8,0.8,0.5,2.3,2.4,22.9,
14.0,Darrell Griffith,26.0,UTA,SG,78.0,78.0,35.6,9.3,20.4,0.457,1.2,3.3,0.358,8.2,17.1,0.476,0.486,2.8,3.8,0.725,1.6,2.8,4.4,3.1,1.7,0.4,3.2,2.3,22.6,
15.0,World B. Free,31.0,CLE,SG,71.0,50.0,31.7,8.6,18.7,0.459,1.0,2.7,0.368,7.6,16.0,0.474,0.485,4.3,5.8,0.749,0.9,2.1,3.0,4.5,1.1,0.2,2.0,2.3,22.5,MVP-20
16.0,Kiki Vandeweghe,26.0,POR,SF,72.0,69.0,34.8,8.6,16.1,0.534,0.2,0.5,0.333,8.4,15.6,0.54,0.538,5.1,5.7,0.896,1.0,2.1,3.2,1.5,0.5,0.3,1.6,1.6,22.4,
17.0,Mike Mitchell,29.0,SAS,SF,82.0,82.0,34.8,9.5,19.0,0.497,0.1,0.3,0.217,9.4,18.7,0.502,0.499,3.3,4.2,0.777,1.8,3.3,5.1,1.8,0.7,0.3,1.8,2.7,22.2,
18.0,Ralph Sampson,24.0,HOU,PF,82.0,82.0,37.6,9.2,18.3,0.502,0.0,0.1,0.0,9.2,18.2,0.504,0.502,3.7,5.5,0.676,2.8,7.6,10.4,2.7,1.0,2.0,4.0,3.7,22.1,"MVP-10,AS,NBA2"
19.0,Derek Smith,23.0,LAC,SG,80.0,80.0,34.5,8.5,15.9,0.537,0.0,0.2,0.158,8.5,15.7,0.542,0.538,5.0,6.3,0.794,2.2,3.2,5.3,2.7,1.0,0.7,2.9,4.0,22.1,
20.0,Kareem Abdul-Jabbar,37.0,LAL,C,79.0,79.0,33.3,9.2,15.3,0.599,0.0,0.0,0.0,9.2,15.3,0.6,0.599,3.7,5.0,0.732,2.1,5.8,7.9,3.2,0.8,2.1,2.5,3.0,22.0,"MVP-4,AS,NBA2"
21.0,Sidney Moncrief,27.0,MIL,PG,73.0,72.0,37.5,7.7,15.9,0.483,0.1,0.5,0.273,7.6,15.5,0.489,0.487,6.2,7.5,0.828,2.0,3.3,5.4,5.2,1.6,0.5,2.5,2.7,21.7,"MVP-8,DPOY-2,AS,NBA2"
22.0,Tom Chambers,25.0,SEA,PF,81.0,60.0,36.1,7.8,16.1,0.483,0.1,0.3,0.273,7.7,15.8,0.487,0.485,5.9,7.0,0.832,2.0,5.1,7.1,2.6,0.9,0.7,3.2,3.9,21.5,
23.0,George Gervin,32.0,SAS,SG,72.0,69.0,29.0,8.3,16.4,0.508,0.0,0.1,0.0,8.3,16.3,0.512,0.508,4.5,5.3,0.844,1.1,2.2,3.3,2.5,0.9,0.7,2.8,2.9,21.2,AS
24.0,Isiah Thomas,23.0,DET,PG,81.0,81.0,38.1,8.0,17.4,0.458,0.4,1.4,0.257,7.6,16.0,0.476,0.468,4.9,6.1,0.809,1.4,3.0,4.5,13.9,2.3,0.3,3.7,3.6,21.2,"MVP-9,AS,NBA1"
25.0,Otis Birdsong,29.0,NJN,SG,56.0,45.0,32.9,8.8,17.3,0.511,0.1,0.4,0.19,8.8,16.9,0.518,0.513,2.9,4.6,0.622,1.1,1.6,2.6,4.1,1.5,0.1,2.1,2.6,20.6,
26.0,Hakeem Olajuwon,22.0,HOU,C,82.0,82.0,35.5,8.3,15.3,0.538,0.0,0.0,,8.3,15.3,0.538,0.538,4.1,6.7,0.613,5.4,6.5,11.9,1.4,1.2,2.7,2.9,4.2,20.6,"MVP-12,ROY-2,AS"
27.0,Micheal Ray Richardson,29.0,NJN,PG,82.0,82.0,38.1,8.4,17.9,0.469,0.4,1.4,0.252,8.1,16.5,0.488,0.479,2.9,3.8,0.767,1.9,3.7,5.6,8.2,3.0,0.3,3.0,3.4,20.1,"MVP-14,DPOY-7,AS"
28.0,Julius Erving,34.0,PHI,SF,78.0,78.0,32.5,7.8,15.8,0.494,0.0,0.2,0.214,7.8,15.7,0.497,0.495,4.3,5.7,0.765,2.2,3.1,5.3,3.0,1.7,1.4,2.7,2.6,20.0,"MVP-22,AS"
29.0,Gus Williams,31.0,WSB,PG,79.0,78.0,37.5,8.1,18.8,0.43,0.6,2.2,0.29,7.4,16.5,0.449,0.447,3.2,4.4,0.725,0.9,1.6,2.5,7.7,2.3,0.4,2.7,2.0,20.0,
30.0,Larry Nance,25.0,PHO,PF,61.0,55.0,36.1,8.4,14.4,0.587,0.0,0.0,0.5,8.4,14.3,0.587,0.588,3.0,4.2,0.709,3.2,5.6,8.8,2.6,1.4,1.7,2.2,3.0,19.9,AS
31.0,Kevin McHale,27.0,BOS,PF,79.0,31.0,33.6,7.7,13.4,0.57,0.0,0.1,0.0,7.7,13.4,0.573,0.57,4.5,5.9,0.76,2.9,6.1,9.0,1.8,0.4,1.5,2.0,3.0,19.8,6MOY-1
32.0,Rolando Blackman,25.0,DAL,SG,81.0,80.0,35.0,7.7,15.2,0.508,0.1,0.2,0.3,7.6,14.9,0.512,0.511,4.2,5.1,0.828,1.3,2.4,3.7,3.6,0.8,0.2,2.0,1.2,19.7,AS
33.0,Sleepy Floyd,24.0,GSW,SG,82.0,82.0,35.0,7.4,16.7,0.445,0.5,1.7,0.294,6.9,15.0,0.462,0.46,4.1,5.1,0.81,0.8,1.7,2.5,5.0,1.6,0.5,3.1,2.8,19.5,
34.0,Artis Gilmore,35.0,SAS,C,81.0,81.0,34.0,6.6,10.5,0.623,0.0,0.0,0.0,6.6,10.5,0.624,0.623,6.0,8.0,0.749,2.9,7.6,10.4,1.6,0.5,2.1,3.0,3.8,19.1,
35.0,Kelly Tripucka,25.0,DET,SF,55.0,43.0,30.5,7.2,15.1,0.477,0.0,0.1,0.4,7.2,15.0,0.477,0.478,4.6,5.2,0.885,1.2,2.8,4.0,2.5,0.9,0.3,2.1,2.1,19.1,
36.0,Jeff Malone,23.0,WSB,SG,76.0,61.0,34.4,8.0,16.0,0.499,0.2,0.9,0.208,7.8,15.0,0.517,0.505,2.8,3.3,0.844,0.8,1.9,2.7,2.4,0.7,0.1,1.4,2.3,18.9,
37.0,Jeff Ruland,26.0,WSB,C,37.0,36.0,38.8,6.8,11.9,0.569,0.0,0.1,0.0,6.8,11.8,0.572,0.569,5.4,7.9,0.685,3.4,7.6,11.1,4.4,0.8,0.7,4.8,3.5,18.9,AS
38.0,Clark Kellogg,23.0,IND,PF,77.0,65.0,31.8,7.3,14.4,0.505,0.1,0.2,0.5,7.2,14.3,0.505,0.509,3.9,5.1,0.76,2.9,6.5,9.4,3.2,1.1,0.3,3.0,3.2,18.6,
39.0,Jack Sikma,29.0,SEA,C,68.0,68.0,35.3,6.8,13.9,0.489,0.0,0.1,0.2,6.8,13.7,0.492,0.49,4.9,5.8,0.852,2.4,8.2,10.6,4.2,1.2,1.3,2.4,3.5,18.5,"MVP-17,AS"
40.0,Mychal Thompson,30.0,POR,PF,79.0,55.0,33.1,7.2,14.1,0.515,0.0,0.0,,7.2,14.1,0.515,0.515,3.9,5.7,0.684,2.7,5.2,7.8,2.6,1.0,1.3,2.9,2.7,18.4,
41.0,Magic Johnson,25.0,LAL,PG,77.0,77.0,36.1,6.5,11.7,0.561,0.1,0.5,0.189,6.5,11.2,0.577,0.565,5.1,6.0,0.843,1.2,5.0,6.2,12.6,1.5,0.3,4.0,2.0,18.3,"MVP-2,AS,NBA1"
42.0,Herb Williams,26.0,IND,C,75.0,70.0,34.1,7.7,16.1,0.475,0.0,0.1,0.111,7.7,16.0,0.478,0.475,3.0,4.5,0.657,2.1,6.4,8.5,3.4,0.7,1.8,3.5,2.9,18.3,
43.0,Jay Vincent,25.0,DAL,PF,79.0,47.0,32.2,6.9,14.4,0.479,0.0,0.1,0.0,6.9,14.4,0.481,0.479,4.4,5.3,0.836,2.3,6.6,8.9,2.1,0.6,0.3,2.2,2.9,18.2,6MOY-5
44.0,Buck Williams,24.0,NJN,PF,82.0,82.0,38.8,7.0,13.3,0.53,0.0,0.0,0.25,7.0,13.2,0.531,0.53,4.1,6.6,0.625,3.9,8.3,12.3,2.0,0.8,1.3,2.9,3.6,18.2,
45.0,Jim Paxson,27.0,POR,SG,68.0,57.0,33.1,7.5,14.5,0.514,0.1,0.6,0.154,7.4,14.0,0.529,0.517,2.9,3.6,0.79,1.0,2.3,3.3,3.9,1.5,0.1,1.6,1.7,17.9,
46.0,Andrew Toney,27.0,PHI,SG,70.0,65.0,32.0,6.4,13.1,0.492,0.6,1.5,0.371,5.9,11.6,0.508,0.514,4.4,5.1,0.862,0.5,2.0,2.5,5.2,0.9,0.3,3.2,3.0,17.8,MVP-15
47.0,Robert Parish,31.0,BOS,C,79.0,78.0,36.1,7.0,12.9,0.542,0.0,0.0,,7.0,12.9,0.542,0.542,3.7,5.0,0.743,3.3,7.3,10.6,1.6,0.7,1.3,2.4,2.8,17.6,AS
48.0,James Worthy,23.0,LAL,SF,80.0,76.0,33.7,7.6,13.3,0.572,0.0,0.1,0.0,7.6,13.2,0.576,0.572,2.4,3.1,0.776,2.1,4.3,6.4,2.5,1.1,0.8,2.5,2.5,17.6,
49.0,Bill Laimbeer,27.0,DET,C,82.0,82.0,35.3,7.3,14.4,0.506,0.0,0.2,0.222,7.2,14.1,0.51,0.507,3.0,3.7,0.797,3.6,8.8,12.4,1.9,0.8,0.9,1.6,3.8,17.5,AS
50.0,Clyde Drexler,22.0,POR,SG,80.0,43.0,31.9,7.2,14.5,0.494,0.1,0.5,0.216,7.1,14.1,0.503,0.497,2.8,3.7,0.759,2.7,3.2,6.0,5.5,2.2,0.9,2.8,3.3,17.2,"MVP-22,6MOY-2"
51.0,Norm Nixon,29.0,LAC,PG,81.0,81.0,35.7,7.4,15.8,0.465,0.4,1.2,0.333,7.0,14.6,0.476,0.478,2.1,2.7,0.78,0.7,2.0,2.7,8.8,1.2,0.0,3.4,2.2,17.2,AS
52.0,Mike Woodson,26.0,KCK,SG,78.0,3.0,25.6,6.8,13.7,0.496,0.1,0.3,0.238,6.7,13.4,0.501,0.499,3.4,4.2,0.8,0.9,1.7,2.5,1.8,1.5,0.4,1.8,2.8,17.0,6MOY-6
53.0,Cliff Robinson,24.0,WSB,PF,60.0,37.0,31.2,7.0,14.9,0.471,0.0,0.1,0.333,7.0,14.9,0.471,0.472,2.6,3.6,0.742,2.4,6.8,9.1,2.5,0.9,0.8,2.7,3.1,16.7,
54.0,Marques Johnson,28.0,LAC,SF,72.0,68.0,34.0,6.9,15.2,0.452,0.0,0.2,0.231,6.8,15.0,0.454,0.453,2.6,3.6,0.731,2.6,3.3,5.9,3.4,1.0,0.4,2.4,2.7,16.4,
55.0,Reggie Theus,27.0,KCK,SG,82.0,80.0,31.0,6.1,12.5,0.487,0.1,0.5,0.132,6.0,12.1,0.501,0.489,4.1,4.7,0.863,1.3,2.0,3.3,8.0,1.2,0.2,3.7,3.0,16.4,
56.0,Eddie Johnson,29.0,ATL,SG,73.0,66.0,32.4,6.2,13.0,0.479,0.3,1.0,0.306,5.9,12.0,0.493,0.49,3.6,4.5,0.798,0.5,2.1,2.6,7.8,0.6,0.1,3.3,2.5,16.3,
57.0,John Drew,30.0,UTA,SF,19.0,16.0,24.4,5.6,13.7,0.412,0.0,0.2,0.0,5.6,13.5,0.418,0.412,4.9,6.4,0.77,1.9,2.4,4.3,1.8,1.2,0.1,2.2,3.4,16.2,
58.0,Paul Pressey,26.0,MIL,SF,80.0,80.0,36.0,6.0,11.6,0.517,0.1,0.3,0.35,5.9,11.4,0.521,0.521,4.0,5.2,0.758,1.9,3.5,5.4,6.8,1.6,0.7,3.1,3.2,16.1,"MVP-17,DPOY-3"
59.0,Quintin Dailey,24.0,CHI,SG,79.0,0.0,26.6,6.6,14.1,0.473,0.1,0.4,0.233,6.6,13.7,0.479,0.476,2.6,3.2,0.817,0.7,1.9,2.6,2.4,0.9,0.1,1.9,2.4,16.0,6MOY-6
60.0,Byron Scott,23.0,LAL,SG,81.0,65.0,28.5,6.7,12.4,0.539,0.3,0.7,0.433,6.4,11.6,0.546,0.552,2.3,2.8,0.82,0.7,1.9,2.6,3.0,1.2,0.2,1.7,2.4,16.0,
61.0,Pat Cummings,28.0,NYK,C,63.0,63.0,32.8,6.5,12.7,0.514,0.0,0.1,0.0,6.5,12.6,0.517,0.514,2.8,3.6,0.78,2.2,6.0,8.2,1.7,0.8,0.3,2.6,3.9,15.8,
62.0,Roy Hinson,23.0,CLE,PF,76.0,75.0,30.8,6.1,12.2,0.503,0.0,0.0,0.0,6.1,12.1,0.504,0.503,3.6,4.9,0.721,2.4,5.4,7.8,0.9,0.7,2.3,2.3,4.1,15.8,
63.0,Phil Hubbard,28.0,CLE,SF,76.0,55.0,29.6,5.5,10.8,0.505,0.0,0.1,0.0,5.5,10.8,0.507,0.505,4.9,6.5,0.751,2.8,3.5,6.3,1.5,1.1,0.1,2.3,3.4,15.8,
64.0,Dennis Johnson,30.0,BOS,PG,80.0,77.0,37.2,6.2,13.3,0.462,0.1,0.3,0.269,6.1,13.0,0.467,0.466,3.3,3.8,0.853,1.1,2.8,4.0,6.8,1.2,0.5,2.7,2.8,15.7,"DPOY-6,AS"
65.0,Thurl Bailey,23.0,UTA,PF,80.0,68.0,31.0,6.3,12.9,0.49,0.0,0.0,1.0,6.3,12.9,0.49,0.491,2.5,2.9,0.842,1.9,4.7,6.6,1.7,0.6,1.3,1.9,2.7,15.2,
66.0,Walter Davis,30.0,PHO,SG,23.0,9.0,24.8,6.0,13.4,0.45,0.1,0.4,0.3,5.9,13.0,0.455,0.455,2.8,3.2,0.877,0.3,1.3,1.5,4.3,0.8,0.0,2.2,1.8,15.0,
67.0,Al Wood,26.0,SEA,SG,80.0,79.0,31.8,6.4,13.3,0.485,0.1,0.4,0.212,6.4,12.9,0.494,0.489,2.1,2.7,0.776,1.2,2.3,3.5,3.0,1.1,0.7,1.5,2.3,15.0,
68.0,Larry Drew,26.0,KCK,PG,72.0,66.0,33.0,6.3,12.7,0.501,0.1,0.4,0.25,6.3,12.3,0.508,0.504,2.1,2.7,0.794,0.5,1.7,2.3,6.7,1.3,0.1,2.5,2.0,14.9,
69.0,James Edwards,29.0,PHO,C,70.0,58.0,25.5,5.5,10.9,0.501,0.0,0.0,0.0,5.5,10.9,0.503,0.501,3.9,5.3,0.746,1.4,4.2,5.5,2.2,0.4,0.7,2.3,3.4,14.9,
70.0,Alvan Adams,30.0,PHO,PF,82.0,69.0,26.0,5.8,11.2,0.52,0.0,0.0,,5.8,11.2,0.52,0.52,3.0,3.5,0.883,1.9,4.2,6.1,3.8,1.4,0.6,2.4,3.1,14.7,
71.0,John Long,28.0,DET,SG,66.0,55.0,27.6,6.5,13.4,0.487,0.1,0.2,0.333,6.5,13.2,0.49,0.49,1.6,1.9,0.862,1.2,1.7,2.9,2.0,1.1,0.2,1.5,2.1,14.7,
72.0,Rodney McCray,23.0,HOU,SF,82.0,82.0,36.6,5.8,10.9,0.535,0.0,0.1,0.0,5.8,10.8,0.538,0.535,2.8,3.8,0.738,2.5,4.1,6.6,4.3,1.1,0.9,2.2,2.6,14.4,
73.0,Vern Fleming,22.0,IND,PG,80.0,65.0,31.1,5.4,11.5,0.47,0.0,0.1,0.0,5.4,11.5,0.472,0.47,3.3,4.2,0.767,1.9,2.2,4.0,3.1,1.2,0.1,2.5,2.9,14.1,
74.0,Doc Rivers,23.0,ATL,PG,69.0,58.0,30.8,4.8,10.2,0.476,0.2,0.5,0.417,4.6,9.6,0.48,0.487,4.2,5.5,0.77,1.0,2.1,3.1,5.9,2.4,0.8,2.6,3.6,14.1,
75.0,Charles Barkley,21.0,PHI,PF,82.0,60.0,28.6,5.2,9.5,0.545,0.0,0.1,0.167,5.2,9.5,0.548,0.546,3.6,4.9,0.733,3.2,5.3,8.6,1.9,1.2,1.0,2.5,3.7,14.0,
76.0,Junior Bridgeman,31.0,LAC,SF,80.0,15.0,25.5,5.8,12.4,0.465,0.2,0.5,0.359,5.6,11.9,0.469,0.472,2.3,2.6,0.879,0.7,2.2,2.9,2.1,0.6,0.2,1.5,1.6,13.9,
77.0,Steve Stipanovich,24.0,IND,C,82.0,66.0,28.2,5.0,10.6,0.475,0.0,0.1,0.091,5.0,10.5,0.48,0.476,3.6,4.5,0.798,1.7,5.8,7.5,2.4,0.9,1.0,2.2,3.2,13.7,
78.0,Darryl Dawkins,28.0,NJN,C,39.0,30.0,24.9,4.9,8.7,0.566,0.0,0.0,0.0,4.9,8.7,0.568,0.566,3.7,5.2,0.711,1.4,3.2,4.6,1.2,0.4,0.9,2.4,4.4,13.5,
79.0,Darrell Walker,23.0,NYK,PG,82.0,66.0,30.4,5.2,12.1,0.435,0.0,0.2,0.0,5.2,11.9,0.442,0.435,3.0,4.2,0.7,1.6,1.8,3.4,5.0,2.0,0.3,2.5,3.0,13.5,
80.0,Gerald Henderson,29.0,SEA,PG,79.0,78.0,33.5,5.4,11.3,0.479,0.1,0.5,0.237,5.3,10.8,0.49,0.484,2.5,3.2,0.78,0.9,1.5,2.4,7.1,1.8,0.1,2.9,2.5,13.4,
81.0,Maurice Lucas,32.0,PHO,PF,63.0,22.0,26.5,5.5,11.5,0.476,0.0,0.1,0.0,5.5,11.5,0.479,0.476,2.4,3.2,0.75,2.2,6.7,8.8,2.3,0.6,0.3,2.4,2.9,13.4,
82.0,Mickey Johnson,32.0,GSW,PF,66.0,9.0,23.7,4.6,10.8,0.426,0.1,0.5,0.233,4.5,10.4,0.434,0.431,3.9,4.8,0.823,2.3,3.7,6.0,2.3,1.1,0.5,2.2,3.3,13.3,
83.0,Greg Ballard,30.0,WSB,SF,82.0,77.0,32.5,5.7,11.9,0.48,0.2,0.6,0.304,5.5,11.4,0.488,0.487,1.5,1.8,0.795,1.8,4.6,6.5,2.5,1.2,0.4,1.3,2.7,13.1,
84.0,Maurice Cheeks,28.0,PHI,PG,78.0,78.0,33.5,5.4,9.5,0.57,0.1,0.3,0.231,5.3,9.2,0.582,0.574,2.2,2.6,0.879,0.7,2.1,2.8,6.4,2.2,0.3,2.0,2.4,13.1,DPOY-5
85.0,Lewis Lloyd,25.0,HOU,SG,82.0,58.0,26.0,5.6,10.6,0.526,0.0,0.1,0.25,5.5,10.5,0.528,0.527,2.0,2.7,0.732,1.2,1.6,2.8,3.4,0.9,0.3,2.2,2.4,13.1,
86.0,Rickey Green,30.0,UTA,PG,77.0,77.0,31.6,4.9,10.4,0.477,0.1,0.3,0.3,4.9,10.1,0.482,0.481,3.0,3.5,0.869,0.5,2.0,2.5,7.8,1.7,0.0,2.3,1.7,13.0,
87.0,Jerome Whitehead,28.0,GSW,C,79.0,78.0,32.1,5.3,10.4,0.51,0.0,0.0,,5.3,10.4,0.51,0.51,2.3,3.0,0.783,2.8,5.1,7.9,0.7,0.6,0.5,1.8,4.1,13.0,
88.0,Danny Ainge,25.0,BOS,SG,75.0,73.0,34.2,5.6,10.6,0.529,0.2,0.7,0.268,5.4,9.8,0.549,0.539,1.6,1.8,0.868,1.0,2.6,3.6,5.3,1.6,0.1,2.0,3.0,12.9,
89.0,Mike Gminski,25.0,NJN,C,81.0,54.0,29.9,4.7,10.1,0.465,0.0,0.0,0.0,4.7,10.1,0.465,0.465,3.4,4.0,0.841,2.8,5.0,7.8,2.0,0.5,1.1,1.7,1.7,12.8,
90.0,Dan Issel,36.0,DEN,C,77.0,9.0,21.9,4.7,10.3,0.459,0.0,0.1,0.143,4.7,10.2,0.462,0.46,3.3,4.1,0.806,1.0,3.3,4.3,1.8,0.8,0.4,1.2,2.2,12.8,6MOY-2
91.0,Vinnie Johnson,28.0,DET,SG,82.0,16.0,25.5,5.2,11.5,0.454,0.1,0.3,0.185,5.2,11.2,0.462,0.457,2.3,3.0,0.769,1.6,1.4,3.1,4.0,0.9,0.2,1.6,2.5,12.8,
92.0,Albert King,25.0,NJN,SF,42.0,7.0,20.5,5.4,11.0,0.491,0.0,0.2,0.0,5.4,10.8,0.5,0.491,2.0,2.5,0.817,1.7,2.1,3.8,1.4,1.0,0.2,1.5,2.6,12.8,
93.0,Fat Lever,24.0,DEN,PG,82.0,82.0,31.2,5.2,12.0,0.43,0.1,0.3,0.25,5.1,11.7,0.435,0.434,2.4,3.1,0.77,1.8,3.2,5.0,7.5,2.5,0.4,2.5,2.8,12.8,
94.0,Johnny Moore,26.0,SAS,PG,82.0,82.0,32.8,5.1,11.1,0.457,0.3,1.1,0.281,4.8,10.0,0.476,0.471,2.3,3.0,0.762,1.1,3.5,4.6,10.0,2.8,0.2,2.9,3.0,12.8,
95.0,Otis Thorpe,22.0,KCK,PF,82.0,23.0,23.4,5.0,8.4,0.6,0.0,0.0,0.0,5.0,8.3,0.602,0.6,2.8,4.5,0.62,2.3,4.5,6.8,1.4,0.4,0.5,2.3,3.1,12.8,
96.0,Louis Orr,26.0,NYK,PF,79.0,31.0,31.0,4.7,9.7,0.486,0.0,0.1,0.1,4.7,9.6,0.491,0.486,3.3,4.2,0.784,2.2,2.8,4.9,1.7,1.3,0.3,1.7,2.5,12.7,
97.0,Johnny Davis,29.0,CLE,PG,76.0,30.0,25.3,4.4,10.4,0.426,0.2,0.6,0.261,4.3,9.8,0.436,0.434,3.4,3.9,0.85,0.5,1.1,1.6,5.6,0.6,0.1,2.0,1.8,12.4,
98.0,Sly Williams,27.0,ATL,SF,34.0,20.0,25.5,4.9,11.2,0.439,0.1,0.4,0.267,4.8,10.7,0.447,0.445,2.3,3.6,0.642,1.3,3.6,4.9,2.8,0.8,0.2,2.3,2.4,12.3,
99.0,Wayne Cooper,28.0,DEN,C,80.0,78.0,25.4,5.1,10.7,0.472,0.0,0.0,0.0,5.1,10.7,0.473,0.472,2.0,2.9,0.685,2.9,5.0,7.9,1.1,0.4,2.5,1.9,3.8,12.1,
100.0,LaSalle Thompson,23.0,KCK,C,82.0,77.0,30.0,4.5,8.5,0.531,0.0,0.0,,4.5,8.5,0.531,0.531,2.8,3.8,0.721,3.3,7.1,10.4,1.6,1.2,1.6,2.5,4.0,11.8,
101.0,Terry Tyler,28.0,DET,SF,82.0,53.0,24.4,5.1,10.4,0.494,0.0,0.1,0.0,5.1,10.3,0.498,0.494,1.3,1.8,0.716,1.8,3.4,5.2,0.8,0.6,1.1,0.9,2.3,11.6,6MOY-6
102.0,Darnell Valentine,25.0,POR,PG,75.0,59.0,30.4,4.3,9.1,0.473,0.0,0.0,0.0,4.3,9.0,0.474,0.473,3.1,3.9,0.793,0.7,2.2,2.9,7.0,1.9,0.1,2.6,2.5,11.6,
103.0,John Lucas,31.0,HOU,PG,47.0,21.0,24.6,4.4,9.5,0.462,0.4,1.4,0.318,3.9,8.1,0.487,0.485,2.2,2.7,0.798,0.4,1.4,1.8,6.8,1.3,0.0,2.2,1.7,11.4,
104.0,James Donaldson,27.0,LAC,C,82.0,58.0,29.2,4.3,6.7,0.637,0.0,0.0,,4.3,6.7,0.637,0.637,2.8,3.7,0.749,2.0,6.1,8.1,0.6,0.3,1.6,2.5,2.6,11.3,
105.0,Cedric Maxwell,29.0,BOS,SF,57.0,51.0,26.2,3.5,6.6,0.533,0.0,0.0,0.0,3.5,6.6,0.536,0.533,4.1,4.9,0.831,1.7,2.5,4.2,1.8,0.6,0.3,1.7,2.5,11.1,
106.0,Larry Smith,27.0,GSW,PF,80.0,78.0,31.2,4.6,8.6,0.53,0.0,0.0,,4.6,8.6,0.53,0.53,1.9,3.2,0.605,5.1,5.8,10.9,1.2,1.0,0.7,2.0,3.6,11.1,
107.0,Jim Thomas,24.0,IND,SG,80.0,52.0,25.7,4.3,9.1,0.478,0.1,0.5,0.19,4.2,8.6,0.496,0.483,2.3,2.9,0.782,0.9,2.3,3.3,2.9,1.0,0.1,1.6,2.4,11.1,
108.0,Kyle Macy,27.0,PHO,PG,65.0,52.0,31.0,4.3,9.0,0.485,0.4,1.3,0.271,4.0,7.6,0.521,0.504,2.0,2.2,0.907,0.5,2.2,2.8,5.8,1.3,0.0,1.7,2.0,11.0,
109.0,Sam Perkins,23.0,DAL,PF,82.0,42.0,28.3,4.2,9.0,0.471,0.1,0.4,0.25,4.1,8.5,0.483,0.478,2.4,3.0,0.82,2.3,5.1,7.4,1.6,0.8,0.8,1.2,2.9,11.0,
110.0,Jerry Sichting,28.0,IND,PG,70.0,25.0,25.8,4.6,8.9,0.521,0.1,0.5,0.243,4.5,8.4,0.538,0.528,1.6,1.8,0.875,0.3,1.3,1.6,3.8,0.7,0.1,1.5,1.7,11.0,
111.0,Dan Roundfield,31.0,DET,PF,56.0,43.0,26.6,4.2,9.0,0.467,0.0,0.0,0.0,4.2,9.0,0.469,0.467,2.5,3.2,0.781,3.1,5.0,8.1,1.8,0.5,1.0,2.2,2.6,10.9,
112.0,Craig Hodges,24.0,MIL,SG,82.0,63.0,30.4,4.4,8.9,0.49,0.6,1.6,0.348,3.8,7.3,0.523,0.523,1.3,1.6,0.815,0.9,1.4,2.3,4.3,1.2,0.0,1.6,3.2,10.6,
113.0,Melvin Turpin,24.0,CLE,C,79.0,45.0,24.7,4.6,9.0,0.511,0.0,0.0,,4.6,9.0,0.511,0.511,1.4,1.8,0.784,2.0,3.8,5.7,0.5,0.5,1.1,1.5,2.7,10.6,
114.0,Bob McAdoo,33.0,LAL,C,66.0,0.0,19.0,4.3,8.3,0.52,0.0,0.0,0.0,4.3,8.3,0.521,0.52,1.8,2.5,0.753,1.2,3.3,4.5,1.0,0.3,0.8,1.4,2.6,10.5,6MOY-6
115.0,Kenny Carr,29.0,POR,PF,48.0,30.0,23.3,4.0,7.6,0.523,0.0,0.1,0.0,4.0,7.5,0.528,0.523,2.5,3.4,0.72,1.9,4.9,6.7,1.2,0.5,0.4,2.1,2.9,10.4,
116.0,Mike McGee,25.0,LAL,SF,76.0,3.0,15.4,4.3,8.1,0.538,0.3,0.8,0.361,4.0,7.3,0.557,0.556,1.2,2.1,0.588,1.3,0.9,2.2,0.9,0.5,0.1,1.1,1.9,10.2,
117.0,Mike O'Koren,26.0,NJN,SF,43.0,29.0,26.0,4.5,9.1,0.494,0.2,0.5,0.381,4.3,8.7,0.5,0.504,1.0,1.6,0.627,1.1,2.8,3.9,2.4,0.7,0.4,1.2,2.7,10.2,
118.0,Mark Olberding,28.0,KCK,PF,81.0,62.0,28.1,3.3,6.5,0.502,0.0,0.0,0.0,3.3,6.5,0.505,0.502,3.6,4.3,0.832,1.7,4.6,6.3,3.0,0.7,0.1,2.3,3.7,10.2,
119.0,Mike Sanders,24.0,PHO,SF,21.0,11.0,19.9,4.0,8.3,0.486,0.0,0.0,,4.0,8.3,0.486,0.486,2.1,2.8,0.763,1.8,2.4,4.2,1.4,1.1,0.2,1.6,2.8,10.2,
120.0,Brad Davis,29.0,DAL,PG,82.0,82.0,31.0,3.8,7.5,0.505,0.6,1.4,0.409,3.2,6.1,0.527,0.543,1.9,2.2,0.888,0.5,1.9,2.4,7.1,1.1,0.1,1.5,2.7,10.1,
121.0,Mike Evans,29.0,DEN,SG,81.0,0.0,17.7,4.0,8.2,0.489,0.7,1.9,0.363,3.3,6.2,0.528,0.532,1.4,1.6,0.863,0.3,1.1,1.5,2.9,0.8,0.1,1.6,2.1,10.1,
122.0,Bill Walton,32.0,LAC,C,67.0,37.0,24.6,4.0,7.7,0.521,0.0,0.0,0.0,4.0,7.7,0.523,0.521,2.1,3.0,0.68,2.5,6.4,9.0,2.3,0.7,2.1,2.6,2.7,10.1,
123.0,Sam Bowie,23.0,POR,C,76.0,62.0,29.2,3.9,7.3,0.537,0.0,0.0,,3.9,7.3,0.537,0.537,2.1,3.0,0.711,2.7,5.9,8.6,2.8,0.7,2.7,2.3,3.7,10.0,
124.0,Steve Johnson,27.0,CHI,C,74.0,54.0,22.4,3.8,7.0,0.545,0.0,0.0,0.0,3.8,6.9,0.548,0.545,2.4,3.4,0.718,2.0,3.9,5.9,0.9,0.5,0.8,2.0,3.6,10.0,
125.0,John Bagley,24.0,CLE,PG,81.0,65.0,29.6,4.2,8.6,0.488,0.0,0.3,0.115,4.1,8.2,0.502,0.49,1.5,2.1,0.749,0.7,2.9,3.6,8.6,1.6,0.1,2.6,1.6,9.9,
126.0,Alton Lister,26.0,MIL,C,81.0,80.0,25.8,4.0,7.4,0.538,0.0,0.0,0.0,4.0,7.4,0.539,0.538,1.9,3.2,0.588,2.7,5.3,8.0,1.6,0.6,2.1,2.3,3.5,9.9,
127.0,Ricky Sobers,32.0,SEA,SG,71.0,12.0,21.0,3.9,8.8,0.446,0.1,0.4,0.286,3.8,8.5,0.453,0.452,1.9,2.3,0.815,0.4,1.1,1.5,3.5,0.7,0.1,2.2,2.2,9.9,
128.0,Rory Sparrow,26.0,NYK,PG,79.0,41.0,29.0,4.1,8.4,0.492,0.1,0.4,0.226,4.0,8.0,0.506,0.498,1.5,1.8,0.865,0.5,1.7,2.1,7.1,1.0,0.1,1.9,2.5,9.9,
129.0,Randy Wittman,25.0,ATL,SG,41.0,22.0,28.5,4.6,8.6,0.531,0.0,0.2,0.286,4.5,8.4,0.536,0.534,0.7,1.0,0.732,0.4,1.4,1.8,3.0,0.7,0.2,1.4,1.4,9.9,
130.0,Cliff Levingston,24.0,ATL,PF,74.0,53.0,27.3,3.9,7.5,0.527,0.0,0.0,0.0,3.9,7.4,0.529,0.527,2.0,3.0,0.653,3.1,4.5,7.6,1.4,0.9,0.9,1.8,3.1,9.8,
131.0,Ricky Pierce,25.0,MIL,SG,44.0,3.0,20.0,3.8,7.0,0.537,0.0,0.1,0.25,3.7,6.9,0.541,0.539,2.3,2.8,0.823,1.1,1.5,2.7,2.1,0.8,0.1,1.4,2.7,9.8,
132.0,Mark Eaton,28.0,UTA,C,82.0,82.0,34.3,3.7,8.2,0.449,0.0,0.0,,3.7,8.2,0.449,0.449,2.3,3.3,0.712,2.5,8.8,11.3,1.5,0.4,5.6,2.5,3.8,9.7,"MVP-16,DPOY-1"
133.0,Derek Harper,23.0,DAL,PG,82.0,1.0,27.0,4.0,7.7,0.52,0.3,0.7,0.344,3.8,7.0,0.538,0.536,1.4,1.9,0.721,0.6,1.9,2.4,4.4,1.8,0.5,1.5,2.4,9.6,
134.0,Gene Banks,25.0,SAS,SF,82.0,41.0,25.5,3.5,6.0,0.586,0.0,0.0,0.333,3.5,6.0,0.588,0.587,2.4,3.1,0.774,1.6,3.8,5.4,2.9,0.8,0.2,1.7,2.7,9.5,
135.0,Dale Ellis,24.0,DAL,SF,72.0,4.0,18.3,3.8,8.4,0.454,0.6,1.5,0.385,3.2,6.9,0.47,0.489,1.1,1.4,0.74,1.4,1.9,3.3,0.8,0.6,0.1,0.8,1.8,9.3,
136.0,Frank Johnson,26.0,WSB,PG,46.0,1.0,20.1,3.8,7.8,0.489,0.1,0.4,0.353,3.7,7.4,0.496,0.497,1.6,2.1,0.75,0.5,0.9,1.4,3.1,0.9,0.1,1.3,1.6,9.3,
137.0,Tim McCormick,22.0,SEA,C,78.0,27.0,20.3,3.4,6.2,0.557,0.0,0.0,0.0,3.4,6.2,0.558,0.557,2.4,3.4,0.715,1.9,3.2,5.1,1.0,0.2,0.4,1.5,2.7,9.3,
138.0,Kevin Willis,22.0,ATL,PF,82.0,19.0,21.8,3.9,8.4,0.467,0.0,0.1,0.222,3.9,8.3,0.47,0.468,1.5,2.2,0.657,2.2,4.2,6.4,0.4,0.4,0.6,1.3,2.8,9.3,
139.0,Paul Thompson,23.0,2TM,SF,49.0,27.0,19.2,3.9,9.4,0.412,0.1,0.6,0.2,3.7,8.8,0.427,0.418,1.4,1.8,0.793,1.2,2.1,3.2,1.6,1.1,0.5,1.2,2.4,9.2,
139.0,Paul Thompson,23.0,CLE,SF,33.0,27.0,21.7,4.5,10.7,0.418,0.2,0.7,0.261,4.3,10.0,0.429,0.427,1.4,1.6,0.849,1.1,2.4,3.5,1.8,1.2,0.6,1.3,2.3,10.5,
139.0,Paul Thompson,23.0,MIL,SF,16.0,0.0,14.2,2.6,6.6,0.39,0.0,0.4,0.0,2.6,6.1,0.418,0.39,1.5,2.1,0.706,1.3,1.3,2.6,1.3,0.9,0.3,0.9,2.6,6.6,
140.0,Alvin Robertson,22.0,SAS,SG,79.0,9.0,21.3,3.8,7.6,0.498,0.1,0.1,0.364,3.7,7.5,0.501,0.502,1.6,2.1,0.734,1.5,1.9,3.4,3.5,1.6,0.3,2.1,2.7,9.2,
141.0,Mitchell Wiggins,25.0,HOU,SG,82.0,24.0,19.2,3.9,8.0,0.484,0.1,0.3,0.261,3.8,7.7,0.492,0.489,1.2,1.6,0.733,1.3,1.5,2.9,1.5,1.0,0.2,1.1,2.4,9.0,
142.0,Mike Dunleavy,30.0,MIL,PG,19.0,19.0,22.8,3.4,7.1,0.474,0.8,2.5,0.34,2.5,4.6,0.545,0.533,1.3,1.5,0.862,0.3,1.3,1.6,4.5,0.8,0.2,2.1,2.9,8.9,
143.0,Tom McMillen,32.0,WSB,C,69.0,21.0,22.4,3.7,7.7,0.472,0.0,0.1,0.0,3.7,7.7,0.476,0.472,1.6,2.0,0.83,0.9,2.1,3.0,0.8,0.1,0.2,0.6,2.4,8.9,
144.0,Kelvin Ransey,26.0,NJN,PG,81.0,29.0,20.9,3.7,8.1,0.459,0.0,0.1,0.182,3.7,7.9,0.463,0.46,1.5,1.8,0.859,0.5,1.1,1.6,4.4,1.1,0.1,1.4,1.7,8.9,
145.0,Rod Foster,24.0,PHO,PG,79.0,1.0,16.7,3.6,8.1,0.45,0.5,1.6,0.325,3.1,6.5,0.48,0.482,1.1,1.4,0.755,0.3,0.7,1.0,2.4,0.8,0.0,1.5,2.2,8.8,
146.0,Jay Humphries,22.0,PHO,SG,80.0,39.0,25.8,3.5,7.8,0.446,0.1,0.3,0.2,3.4,7.6,0.454,0.449,1.8,2.1,0.829,0.4,1.7,2.1,4.4,1.3,0.1,2.1,2.6,8.8,
147.0,Darren Daye,24.0,WSB,SF,80.0,8.0,19.7,3.2,6.3,0.512,0.0,0.1,0.143,3.2,6.2,0.517,0.513,2.2,3.1,0.715,1.2,2.2,3.4,3.0,0.7,0.2,1.7,2.1,8.7,
148.0,Robert Reid,29.0,HOU,SF,82.0,0.0,21.5,3.8,7.9,0.481,0.0,0.2,0.063,3.8,7.7,0.492,0.482,1.1,1.5,0.698,1.0,2.3,3.3,2.1,0.6,0.3,1.2,2.4,8.7,
149.0,Michael Cooper,28.0,LAL,SG,82.0,20.0,26.7,3.4,7.2,0.465,0.4,1.5,0.285,2.9,5.7,0.513,0.495,1.4,1.6,0.865,0.7,2.4,3.1,5.2,1.1,0.6,1.9,2.5,8.6,"DPOY-4,6MOY-4"
150.0,Mike Glenn,29.0,ATL,SG,60.0,5.0,18.8,3.8,6.5,0.588,0.0,0.0,0.0,3.8,6.4,0.591,0.588,1.0,1.3,0.816,0.3,1.0,1.4,2.0,0.5,0.0,0.9,1.2,8.6,
151.0,Dave Corzine,28.0,CHI,C,82.0,50.0,25.1,3.4,6.9,0.486,0.0,0.0,0.0,3.4,6.9,0.487,0.486,1.8,2.4,0.745,1.6,3.6,5.1,1.7,0.4,0.8,1.5,2.3,8.5,
152.0,Trent Tucker,25.0,NYK,SG,77.0,46.0,23.6,3.8,7.9,0.483,0.4,0.9,0.403,3.4,6.9,0.494,0.507,0.5,0.6,0.792,1.0,1.5,2.4,2.6,1.0,0.2,0.8,2.5,8.5,
153.0,Michael Holton,23.0,PHO,SG,74.0,59.0,23.8,3.5,7.8,0.446,0.2,0.6,0.311,3.3,7.2,0.458,0.458,1.3,1.6,0.814,0.4,1.4,1.8,2.7,0.8,0.1,1.7,1.9,8.4,
154.0,Charles Jones,23.0,PHO,C,78.0,14.0,20.1,3.0,5.8,0.52,0.0,0.1,0.0,3.0,5.8,0.524,0.52,2.3,3.6,0.648,1.8,3.3,5.1,1.6,0.6,0.8,1.8,1.9,8.4,
155.0,Terry Teagle,24.0,2TM,SG,21.0,3.0,16.6,3.5,6.5,0.54,0.1,0.2,0.5,3.4,6.3,0.541,0.547,1.2,1.7,0.714,1.0,1.0,2.0,0.7,0.6,0.2,0.7,1.7,8.3,
155.0,Terry Teagle,24.0,DET,SG,2.0,0.0,2.5,0.5,1.0,0.5,0.0,0.0,,0.5,1.0,0.5,0.5,0.0,0.0,,0.0,0.0,0.0,0.0,0.0,0.0,0.5,1.0,1.0,
155.0,Terry Teagle,24.0,GSW,SG,19.0,3.0,18.1,3.8,7.1,0.541,0.1,0.2,0.5,3.7,6.9,0.542,0.548,1.3,1.8,0.714,1.2,1.1,2.3,0.7,0.7,0.3,0.7,1.8,9.1,
156.0,Jamaal Wilkes,31.0,LAL,SF,42.0,8.0,18.1,3.5,7.2,0.488,0.0,0.0,0.0,3.5,7.2,0.49,0.488,1.2,1.6,0.773,0.8,1.4,2.2,1.0,0.5,0.1,1.2,1.5,8.3,
157.0,Darwin Cook,26.0,NJN,PG,58.0,9.0,18.3,3.7,7.8,0.468,0.0,0.4,0.087,3.6,7.4,0.488,0.47,0.8,0.9,0.87,0.4,1.2,1.6,2.8,1.3,0.2,1.3,1.7,8.2,
158.0,Lester Conner,25.0,GSW,PG,79.0,49.0,28.6,3.1,6.9,0.451,0.1,0.3,0.2,3.1,6.7,0.46,0.454,1.8,2.4,0.75,1.1,2.0,3.1,4.7,2.0,0.2,1.7,1.7,8.1,
159.0,Antoine Carr,23.0,ATL,PF,62.0,15.0,19.3,3.2,6.0,0.528,0.0,0.1,0.333,3.2,6.0,0.531,0.531,1.6,2.1,0.789,1.3,2.5,3.7,1.3,0.5,1.3,1.7,3.5,8.0,
160.0,Jeff Wilkins,29.0,UTA,C,79.0,0.0,19.1,3.6,7.4,0.49,0.0,0.0,0.0,3.6,7.4,0.491,0.49,0.8,1.0,0.763,1.0,3.6,4.6,1.0,0.4,0.2,1.2,2.2,8.0,
161.0,Butch Carter,26.0,NYK,SG,69.0,11.0,18.5,3.1,6.9,0.45,0.2,0.6,0.256,2.9,6.3,0.469,0.461,1.6,1.9,0.813,0.5,0.9,1.4,2.4,0.8,0.1,1.6,2.2,7.9,
162.0,Edgar Jones,28.0,2TM,PF,44.0,5.0,17.5,3.0,6.3,0.473,0.0,0.1,0.0,3.0,6.2,0.48,0.473,1.9,2.5,0.739,1.1,2.8,3.9,0.7,0.5,0.7,1.4,2.8,7.8,
162.0,Edgar Jones,28.0,SAS,PF,18.0,1.0,17.9,2.4,5.1,0.484,0.0,0.1,0.0,2.4,5.0,0.489,0.484,2.3,2.8,0.804,0.9,2.6,3.4,1.0,0.5,1.0,1.6,2.9,7.2,
162.0,Edgar Jones,28.0,CLE,PF,26.0,4.0,17.2,3.3,7.1,0.467,0.0,0.1,0.0,3.3,7.0,0.475,0.467,1.6,2.3,0.683,1.3,2.9,4.2,0.4,0.4,0.4,1.3,2.7,8.2,
163.0,Bill Hanzlik,27.0,DEN,SF,80.0,1.0,20.9,2.8,6.5,0.421,0.0,0.2,0.067,2.7,6.3,0.432,0.422,2.3,3.0,0.756,1.1,1.5,2.6,2.6,1.1,0.3,1.4,3.6,7.8,
164.0,Fred Roberts,24.0,2TM,PF,74.0,0.0,15.9,2.8,5.6,0.498,0.0,0.0,1.0,2.8,5.6,0.496,0.499,2.0,2.5,0.824,1.1,1.5,2.5,1.2,0.4,0.3,1.2,1.9,7.7,
164.0,Fred Roberts,24.0,SAS,PF,22.0,0.0,13.9,2.0,4.5,0.449,0.0,0.0,,2.0,4.5,0.449,0.449,1.3,1.7,0.763,0.5,1.1,1.6,1.0,0.5,0.5,1.0,2.0,5.3,
164.0,Fred Roberts,24.0,UTA,PF,52.0,0.0,16.8,3.2,6.2,0.513,0.0,0.0,1.0,3.1,6.1,0.511,0.514,2.3,2.8,0.84,1.3,1.6,2.9,1.3,0.3,0.2,1.3,1.8,8.7,
165.0,Lionel Hollins,31.0,HOU,PG,80.0,60.0,24.4,3.1,6.8,0.461,0.0,0.2,0.231,3.1,6.6,0.467,0.464,1.4,1.7,0.794,0.4,1.8,2.2,5.2,1.0,0.1,2.1,2.3,7.6,
166.0,Bobby Jones,33.0,PHI,PF,80.0,8.0,20.4,2.6,4.8,0.538,0.0,0.1,0.0,2.6,4.8,0.543,0.538,2.3,2.7,0.861,1.3,2.4,3.7,1.9,1.1,0.6,1.5,2.3,7.5,6MOY-6
167.0,Ron Brewer,29.0,2TM,SG,20.0,0.0,16.3,3.1,5.9,0.525,0.0,0.1,0.0,3.1,5.8,0.534,0.525,1.2,1.3,0.92,0.5,0.6,1.1,0.9,0.3,0.3,0.5,1.2,7.4,
167.0,Ron Brewer,29.0,SAS,SG,9.0,0.0,9.0,1.4,3.8,0.382,0.0,0.0,,1.4,3.8,0.382,0.382,0.8,0.8,1.0,0.1,0.2,0.3,0.7,0.1,0.1,0.4,0.9,3.7,
167.0,Ron Brewer,29.0,NJN,SG,11.0,0.0,22.3,4.5,7.6,0.583,0.0,0.2,0.0,4.5,7.5,0.598,0.583,1.5,1.6,0.889,0.7,0.9,1.6,1.0,0.5,0.5,0.5,1.4,10.4,
168.0,Michael Cage,23.0,LAC,PF,75.0,41.0,21.5,2.9,5.3,0.543,0.0,0.0,,2.9,5.3,0.543,0.543,1.3,1.8,0.737,1.7,3.5,5.2,0.7,0.5,0.4,1.1,2.2,7.1,
169.0,Steve Colter,22.0,POR,PG,78.0,22.0,18.7,2.8,6.1,0.453,0.3,0.9,0.351,2.4,5.2,0.471,0.48,1.3,1.7,0.754,0.5,1.4,1.9,3.1,1.0,0.1,1.4,1.8,7.1,
170.0,Terence Stansbury,23.0,IND,SG,74.0,14.0,17.3,2.8,6.2,0.459,0.1,0.3,0.16,2.8,5.9,0.476,0.463,1.4,1.7,0.81,0.5,1.0,1.5,1.7,0.6,0.2,1.1,2.8,7.1,
171.0,Ken Bannister,24.0,NYK,PF,75.0,50.0,18.7,2.8,5.9,0.47,0.0,0.0,,2.8,5.9,0.47,0.47,1.2,2.6,0.474,1.4,3.0,4.4,0.5,0.5,0.5,1.9,3.7,6.8,
172.0,Ben Poquette,29.0,CLE,PF,79.0,6.0,21.0,2.7,5.8,0.46,0.0,0.2,0.176,2.6,5.6,0.47,0.463,1.4,1.7,0.796,1.9,4.1,6.0,1.0,0.6,0.7,0.9,2.8,6.7,
173.0,Larry Spriggs,25.0,LAL,PF,75.0,32.0,17.2,2.6,4.7,0.548,0.0,0.0,0.0,2.6,4.7,0.553,0.548,1.5,1.9,0.767,1.0,2.0,3.0,1.8,0.6,0.2,1.5,2.6,6.7,
174.0,Kent Benson,30.0,DET,C,72.0,35.0,19.5,2.8,5.5,0.506,0.0,0.0,0.0,2.8,5.5,0.51,0.506,1.1,1.3,0.809,1.4,3.1,4.5,1.3,0.7,0.6,0.9,2.9,6.6,
175.0,Tony Brown,24.0,IND,SF,82.0,26.0,19.3,2.6,5.7,0.46,0.0,0.1,0.0,2.6,5.6,0.466,0.46,1.4,2.1,0.678,1.8,1.7,3.5,1.9,0.7,0.1,1.4,2.6,6.6,
176.0,Ernie Grunfeld,29.0,NYK,SF,69.0,0.0,15.4,2.7,5.6,0.49,0.0,0.1,0.25,2.7,5.4,0.495,0.492,1.1,1.5,0.74,0.6,1.6,2.2,1.5,0.7,0.1,0.6,1.9,6.6,
177.0,Bill Garnett,24.0,IND,PF,65.0,13.0,17.3,2.3,4.8,0.481,0.0,0.0,0.0,2.3,4.7,0.484,0.481,1.8,2.7,0.69,1.5,2.9,4.4,1.0,0.4,0.2,1.4,3.0,6.4,
178.0,Lonnie Shelton,29.0,CLE,PF,57.0,14.0,21.8,2.8,6.4,0.435,0.0,0.1,0.0,2.8,6.3,0.441,0.435,0.9,1.4,0.662,1.4,3.2,4.7,1.7,0.8,0.3,1.3,3.3,6.4,
179.0,Scott Wedman,32.0,BOS,SF,78.0,5.0,14.4,2.8,5.9,0.478,0.2,0.4,0.5,2.6,5.5,0.477,0.497,0.5,0.7,0.764,0.7,1.3,2.0,1.2,0.3,0.1,0.6,1.4,6.4,
180.0,Ray Williams,30.0,BOS,PG,23.0,5.0,20.0,2.4,6.2,0.385,0.3,1.0,0.261,2.1,5.2,0.408,0.406,1.3,2.0,0.674,0.7,1.8,2.5,3.9,1.3,0.2,1.8,2.4,6.4,
181.0,Rick Mahorn,26.0,WSB,PF,77.0,63.0,26.9,2.7,5.4,0.499,0.0,0.0,,2.7,5.4,0.499,0.499,0.9,1.4,0.683,1.9,5.9,7.9,1.6,0.8,1.4,1.7,4.0,6.3,
182.0,Tree Rollins,29.0,ATL,C,70.0,60.0,25.0,2.7,4.8,0.549,0.0,0.0,,2.7,4.8,0.549,0.549,1.0,1.3,0.72,1.6,4.7,6.3,0.7,0.5,2.4,1.1,3.0,6.3,
183.0,Greg Kelser,27.0,IND,SF,10.0,0.0,11.4,2.1,5.3,0.396,0.0,0.1,0.0,2.1,5.2,0.404,0.396,2.0,2.8,0.714,0.6,1.3,1.9,1.3,0.7,0.0,1.2,1.6,6.2,
184.0,Paul Mokeski,28.0,MIL,C,79.0,6.0,20.1,2.6,5.4,0.478,0.0,0.0,0.0,2.6,5.4,0.48,0.478,1.0,1.5,0.698,1.4,3.8,5.2,1.3,0.4,0.4,1.1,3.4,6.2,
185.0,John Paxson,24.0,SAS,PG,78.0,1.0,16.1,2.5,4.9,0.509,0.1,0.4,0.294,2.4,4.5,0.53,0.522,1.1,1.3,0.84,0.2,0.6,0.9,2.8,0.6,0.0,1.0,1.5,6.2,
186.0,Earl Cureton,27.0,DET,C,81.0,1.0,20.3,2.6,5.3,0.484,0.0,0.0,0.0,2.6,5.2,0.487,0.484,1.0,1.8,0.569,2.1,3.1,5.2,1.0,0.7,0.5,1.4,2.7,6.1,
187.0,Sidney Green,24.0,CHI,PF,48.0,1.0,15.4,2.3,5.2,0.432,0.0,0.1,0.0,2.3,5.1,0.439,0.432,1.6,2.0,0.806,1.5,3.6,5.1,0.6,0.2,0.3,1.4,2.1,6.1,
188.0,Dave Greenwood,27.0,CHI,PF,61.0,28.0,25.0,2.5,5.4,0.458,0.0,0.0,0.0,2.5,5.4,0.459,0.458,1.1,1.5,0.713,1.8,4.6,6.4,1.3,0.6,0.3,1.0,3.1,6.1,
189.0,Kevin Grevey,31.0,MIL,SF,78.0,6.0,15.2,2.4,5.4,0.448,0.1,0.4,0.242,2.3,5.0,0.465,0.458,1.1,1.4,0.822,0.3,1.0,1.3,1.2,0.4,0.0,0.7,1.1,6.1,
190.0,Jerome Kersey,22.0,POR,SF,77.0,0.0,12.4,2.3,4.8,0.478,0.0,0.0,0.0,2.3,4.8,0.482,0.478,1.5,2.4,0.646,1.2,1.4,2.7,0.8,0.6,0.4,0.9,1.9,6.1,
191.0,Kurt Nimphius,26.0,DAL,C,82.0,40.0,24.5,2.4,5.3,0.452,0.0,0.1,0.0,2.4,5.2,0.458,0.452,1.3,1.7,0.771,1.7,3.3,5.0,2.2,0.4,1.5,1.2,3.2,6.1,
192.0,Marc Iavaroni,28.0,2TM,PF,69.0,43.0,19.3,2.3,5.1,0.458,0.0,0.1,0.0,2.3,5.1,0.463,0.458,1.3,1.9,0.68,1.4,3.0,4.4,1.7,0.5,0.5,1.7,3.1,6.0,
192.0,Marc Iavaroni,28.0,PHI,PF,12.0,10.0,13.0,1.0,2.6,0.387,0.0,0.0,,1.0,2.6,0.387,0.387,0.5,0.5,1.0,0.9,1.5,2.4,0.5,0.3,0.3,1.3,2.0,2.5,
192.0,Marc Iavaroni,28.0,SAS,PF,57.0,33.0,20.7,2.6,5.7,0.464,0.0,0.1,0.0,2.6,5.6,0.47,0.464,1.4,2.1,0.664,1.5,3.4,4.8,2.0,0.5,0.6,1.8,3.4,6.7,
193.0,Clint Richardson,28.0,PHI,SG,74.0,20.0,20.7,2.5,5.5,0.453,0.0,0.0,0.333,2.5,5.4,0.454,0.454,1.0,1.2,0.854,0.8,1.3,2.1,2.1,0.5,0.2,1.1,1.9,6.0,
194.0,Charles Davis,26.0,2TM,SF,61.0,2.0,12.7,2.5,5.8,0.43,0.0,0.2,0.1,2.5,5.7,0.439,0.431,0.8,1.0,0.823,1.0,1.5,2.5,0.8,0.4,0.1,0.9,1.9,5.9,
194.0,Charles Davis,26.0,WSB,SF,4.0,0.0,7.0,0.5,2.5,0.2,0.0,0.0,,0.5,2.5,0.2,0.2,0.8,1.0,0.75,0.5,0.5,1.0,0.3,0.3,0.0,0.5,0.8,1.8,
194.0,Charles Davis,26.0,MIL,SF,57.0,2.0,13.1,2.6,6.1,0.436,0.0,0.2,0.1,2.6,5.9,0.446,0.438,0.8,1.0,0.828,1.0,1.6,2.6,0.9,0.4,0.1,0.9,1.9,6.2,
195.0,Ron Anderson,26.0,CLE,SF,36.0,7.0,14.4,2.3,5.4,0.431,0.0,0.1,0.5,2.3,5.4,0.43,0.433,1.1,1.4,0.82,1.1,1.4,2.4,0.9,0.3,0.2,0.9,1.1,5.8,
196.0,Jeff Turner,22.0,NJN,PF,72.0,36.0,19.8,2.4,5.2,0.454,0.0,0.0,0.0,2.4,5.2,0.457,0.454,1.1,1.3,0.859,1.2,1.8,3.0,1.5,0.4,0.1,1.3,3.4,5.8,
197.0,Danny Vranes,26.0,SEA,SF,76.0,70.0,28.5,2.4,5.3,0.463,0.0,0.1,0.25,2.4,5.2,0.465,0.464,0.9,1.7,0.528,2.0,3.7,5.7,2.0,1.0,0.8,1.6,3.4,5.8,DPOY-7
198.0,Billy Knight,32.0,2TM,SG,68.0,1.0,11.8,2.3,5.2,0.441,0.2,0.4,0.44,2.1,4.8,0.441,0.456,0.9,1.1,0.877,0.7,1.0,1.7,1.2,0.2,0.0,1.0,0.9,5.7,
198.0,Billy Knight,32.0,KCK,SG,16.0,0.0,11.8,1.9,4.3,0.449,0.1,0.1,1.0,1.9,4.3,0.441,0.457,0.8,1.0,0.813,0.6,0.8,1.4,1.3,0.1,0.1,0.8,0.9,4.8,
198.0,Billy Knight,32.0,SAS,SF,52.0,1.0,11.8,2.4,5.5,0.439,0.2,0.5,0.417,2.2,5.0,0.441,0.456,1.0,1.1,0.895,0.8,1.1,1.8,1.1,0.3,0.0,1.1,0.9,6.0,
199.0,Joe Cooper,27.0,SEA,C,3.0,1.0,15.0,2.3,5.0,0.467,0.0,0.0,,2.3,5.0,0.467,0.467,1.0,2.0,0.5,1.0,2.0,3.0,0.7,0.7,0.3,0.0,2.3,5.7,
200.0,Franklin Edwards,25.0,LAC,PG,16.0,0.0,12.4,2.3,4.1,0.545,0.0,0.0,,2.3,4.1,0.545,0.545,1.2,1.5,0.792,0.2,0.7,0.9,2.4,1.1,0.0,1.1,0.6,5.7,
201.0,Wes Matthews,25.0,CHI,PG,78.0,38.0,19.5,2.4,4.9,0.495,0.0,0.2,0.125,2.4,4.7,0.511,0.497,0.8,1.1,0.694,0.2,0.7,0.9,4.5,0.9,0.2,1.6,1.7,5.7,
202.0,Kevin McKenna,26.0,NJN,SG,29.0,7.0,18.4,2.1,4.6,0.455,0.2,0.4,0.385,1.9,4.2,0.463,0.474,1.3,1.5,0.884,0.7,1.0,1.7,2.0,1.0,0.2,1.1,2.2,5.7,
203.0,Charles Jones,27.0,2TM,PF,31.0,4.0,21.5,2.2,4.1,0.528,0.0,0.0,,2.2,4.1,0.528,0.528,1.3,1.9,0.69,2.3,3.6,5.9,0.8,0.7,2.5,0.8,3.5,5.6,
203.0,Charles Jones,27.0,CHI,PF,3.0,0.0,9.7,0.7,1.3,0.5,0.0,0.0,,0.7,1.3,0.5,0.5,1.3,2.0,0.667,0.7,1.3,2.0,0.3,0.0,1.7,1.3,2.0,2.7,
203.0,Charles Jones,27.0,WSB,C,28.0,4.0,22.8,2.3,4.4,0.528,0.0,0.0,,2.3,4.4,0.528,0.528,1.3,1.9,0.692,2.5,3.9,6.4,0.9,0.8,2.6,0.8,3.6,5.9,
204.0,Tony Campbell,22.0,DET,SF,56.0,0.0,11.2,2.3,4.7,0.496,0.0,0.0,0.0,2.3,4.7,0.498,0.496,1.0,1.3,0.8,0.7,0.9,1.6,0.4,0.5,0.1,1.2,1.9,5.6,
205.0,John Stockton,22.0,UTA,PG,82.0,5.0,18.2,1.9,4.1,0.471,0.0,0.1,0.182,1.9,3.9,0.481,0.474,1.7,2.4,0.736,0.3,1.0,1.3,5.1,1.3,0.1,1.8,2.5,5.6,
206.0,Jon Sundvold,23.0,SEA,PG,73.0,1.0,15.8,2.3,5.5,0.425,0.2,0.5,0.316,2.2,5.0,0.436,0.44,0.7,0.8,0.814,0.2,0.7,1.0,2.8,0.5,0.0,1.2,1.2,5.5,
207.0,Eddie Lee Wilkins,22.0,NYK,C,54.0,16.0,17.0,2.1,4.3,0.498,0.0,0.0,0.0,2.1,4.3,0.502,0.498,1.2,2.3,0.541,1.6,3.3,4.9,0.3,0.4,0.3,1.2,2.9,5.5,
208.0,T.R. Dunn,29.0,DEN,SG,81.0,81.0,28.3,2.2,4.4,0.489,0.0,0.0,0.0,2.2,4.4,0.492,0.489,1.0,1.4,0.724,2.1,2.7,4.8,1.9,1.7,0.2,0.8,2.6,5.4,DPOY-7
209.0,Allen Leavell,27.0,HOU,PG,42.0,0.0,12.8,2.1,5.0,0.421,0.2,0.9,0.216,1.9,4.1,0.465,0.44,1.0,1.4,0.772,0.2,0.7,0.9,2.4,0.5,0.1,1.2,1.5,5.4,
210.0,Sedale Threatt,23.0,PHI,PG,82.0,0.0,15.9,2.3,5.1,0.452,0.0,0.3,0.182,2.2,4.8,0.467,0.457,0.8,1.1,0.733,0.3,1.0,1.2,2.1,1.0,0.2,1.2,2.1,5.4,
211.0,Randy Breuer,24.0,MIL,C,78.0,0.0,13.9,2.1,4.1,0.511,0.0,0.0,,2.1,4.1,0.511,0.511,1.1,1.6,0.701,1.2,2.1,3.3,0.5,0.3,1.1,0.8,2.3,5.3,
212.0,Mitch Kupchak,30.0,LAL,PF,58.0,3.0,12.3,2.1,4.2,0.504,0.0,0.0,,2.1,4.2,0.504,0.504,1.0,1.6,0.659,1.2,2.0,3.2,0.4,0.3,0.3,0.8,1.8,5.3,
213.0,Michael Wilson,25.0,2TM,SG,19.0,0.0,14.1,1.9,4.1,0.468,0.0,0.0,,1.9,4.1,0.468,0.468,1.4,1.9,0.75,0.7,0.9,1.6,1.8,0.7,0.3,1.1,1.1,5.2,
213.0,Michael Wilson,25.0,CLE,SG,11.0,0.0,15.9,2.5,4.9,0.5,0.0,0.0,,2.5,4.9,0.5,0.5,2.1,2.7,0.767,0.9,0.7,1.6,2.2,0.9,0.3,1.4,1.3,7.0,
213.0,Michael Wilson,25.0,NJN,SG,8.0,0.0,11.5,1.1,2.9,0.391,0.0,0.0,,1.1,2.9,0.391,0.391,0.5,0.8,0.667,0.5,1.1,1.6,1.4,0.5,0.3,0.6,0.9,2.8,
214.0,James Bailey,27.0,NYK,PF,74.0,28.0,17.5,2.1,4.7,0.447,0.0,0.0,0.0,2.1,4.7,0.448,0.447,1.0,1.5,0.676,1.6,3.0,4.6,0.5,0.4,0.7,1.4,3.9,5.2,
215.0,Kurt Rambis,26.0,LAL,PF,82.0,46.0,19.7,2.2,4.0,0.554,0.0,0.0,,2.2,4.0,0.554,0.554,0.8,1.3,0.66,2.0,4.4,6.4,0.8,1.0,0.6,1.2,2.6,5.2,
216.0,Chuck Aleksinas,25.0,GSW,C,74.0,4.0,15.1,2.2,4.6,0.478,0.0,0.0,0.0,2.2,4.5,0.479,0.478,0.7,1.0,0.733,1.2,2.5,3.6,0.5,0.2,0.2,1.0,2.3,5.1,
217.0,Mike Bratz,29.0,GSW,PG,56.0,6.0,13.3,1.9,4.5,0.424,0.1,0.5,0.231,1.8,4.0,0.446,0.436,1.2,1.5,0.841,0.2,0.8,1.0,2.2,0.8,0.1,1.0,1.4,5.1,
218.0,Devin Durrant,24.0,IND,SF,59.0,8.0,12.8,1.9,4.6,0.416,0.0,0.1,0.0,1.9,4.6,0.421,0.416,1.2,1.7,0.706,0.8,1.3,2.1,1.4,0.3,0.2,1.3,1.8,5.1,
219.0,Audie Norris,24.0,POR,C,78.0,13.0,14.3,1.7,3.1,0.543,0.0,0.0,0.0,1.7,3.1,0.55,0.543,1.7,2.6,0.665,1.2,2.1,3.2,0.6,0.5,0.4,1.3,2.8,5.1,
220.0,Elston Turner,25.0,DEN,SF,81.0,2.0,18.4,2.2,4.8,0.466,0.0,0.1,0.167,2.2,4.7,0.471,0.468,0.6,0.8,0.785,1.1,1.6,2.7,2.0,1.2,0.1,0.9,1.9,5.1,
221.0,Ennis Whatley,22.0,CHI,PG,70.0,44.0,19.8,2.0,4.5,0.447,0.0,0.1,0.111,2.0,4.3,0.457,0.449,1.0,1.2,0.791,0.5,1.0,1.4,5.4,0.9,0.1,2.1,2.0,5.0,
222.0,Dudley Bradley,27.0,WSB,SG,73.0,24.0,16.9,1.9,4.1,0.475,0.3,0.9,0.313,1.7,3.2,0.519,0.508,0.7,1.1,0.684,0.5,1.4,1.8,2.4,1.3,0.3,1.2,2.1,4.9,
223.0,Frank Brickowski,25.0,SEA,C,78.0,9.0,14.3,1.9,3.9,0.492,0.0,0.1,0.0,1.9,3.9,0.498,0.492,1.1,1.6,0.669,1.0,2.4,3.3,1.3,0.4,0.2,1.3,2.2,4.9,
224.0,Bob Hansen,24.0,UTA,SG,54.0,4.0,12.0,2.0,4.2,0.489,0.0,0.1,0.143,2.0,4.0,0.5,0.491,0.7,1.3,0.556,0.4,0.9,1.3,1.4,0.5,0.0,0.9,1.6,4.8,
225.0,George Johnson,28.0,PHI,SF,55.0,3.0,13.7,1.9,4.8,0.407,0.0,0.2,0.1,1.9,4.6,0.419,0.409,0.9,1.0,0.875,0.9,2.1,3.0,0.7,0.6,0.3,0.9,1.8,4.8,
226.0,Charles Pittman,26.0,PHO,SF,68.0,3.0,14.7,1.6,3.3,0.471,0.0,0.0,0.0,1.6,3.3,0.476,0.471,1.6,2.1,0.747,1.3,2.0,3.3,1.0,0.3,0.3,1.5,2.1,4.8,
227.0,Clemon Johnson,28.0,PHI,C,58.0,0.0,15.1,2.0,4.1,0.498,0.0,0.0,0.0,2.0,4.0,0.5,0.498,0.6,0.8,0.735,1.6,2.2,3.8,0.6,0.3,0.8,0.7,1.9,4.7,
228.0,Brook Steppe,25.0,DET,SG,54.0,0.0,9.0,1.5,3.3,0.466,0.0,0.0,0.0,1.5,3.3,0.469,0.466,1.6,1.9,0.837,0.5,0.6,1.1,0.7,0.3,0.1,0.8,1.1,4.7,
229.0,Rory White,25.0,LAC,PF,80.0,14.0,13.8,1.8,3.5,0.516,0.0,0.0,,1.8,3.5,0.516,0.516,1.1,1.6,0.692,1.2,1.3,2.4,0.4,0.4,0.3,1.1,1.4,4.7,
230.0,Jeff Cook,28.0,2TM,PF,72.0,5.0,17.9,1.9,3.9,0.495,0.0,0.0,0.0,1.9,3.9,0.496,0.495,0.7,0.9,0.734,1.7,2.7,4.4,0.9,0.4,0.3,0.7,2.8,4.5,
230.0,Jeff Cook,28.0,CLE,PF,18.0,3.0,24.4,2.6,5.8,0.438,0.0,0.1,0.0,2.6,5.8,0.442,0.438,0.9,1.5,0.63,2.3,3.5,5.8,1.3,0.3,0.5,0.9,2.9,6.1,
230.0,Jeff Cook,28.0,SAS,PF,54.0,2.0,15.7,1.7,3.2,0.529,0.0,0.0,,1.7,3.2,0.529,0.529,0.6,0.7,0.811,1.5,2.4,3.9,0.7,0.5,0.3,0.6,2.8,4.0,
231.0,Charlie Criss,36.0,ATL,PG,4.0,2.0,28.8,1.8,4.3,0.412,0.0,0.5,0.0,1.8,3.8,0.467,0.412,1.0,1.5,0.667,0.5,3.0,3.5,5.5,0.8,0.0,2.8,1.3,4.5,
232.0,Rod Higgins,25.0,CHI,SF,68.0,5.0,13.9,1.8,4.0,0.441,0.1,0.5,0.27,1.6,3.4,0.468,0.459,0.9,1.3,0.667,0.8,1.4,2.2,1.1,0.3,0.2,0.7,1.3,4.5,
233.0,Joe Meriweather,31.0,KCK,C,76.0,4.0,14.0,1.6,3.2,0.498,0.0,0.0,0.5,1.6,3.2,0.498,0.5,1.3,1.6,0.774,1.2,2.2,3.5,0.4,0.2,0.4,0.7,2.4,4.5,
234.0,Peter Thibeaux,23.0,GSW,SF,51.0,1.0,9.0,1.8,3.8,0.482,0.0,0.0,0.0,1.8,3.8,0.487,0.482,0.8,1.3,0.642,0.6,0.8,1.4,0.3,0.2,0.3,0.7,1.7,4.5,
235.0,Othell Wilson,23.0,GSW,PG,74.0,23.0,17.0,1.8,3.9,0.46,0.0,0.2,0.188,1.8,3.7,0.476,0.466,0.7,1.0,0.711,0.5,1.3,1.8,2.9,1.0,0.2,1.3,1.6,4.4,
236.0,Steve Burtt,22.0,GSW,SG,47.0,0.0,8.9,1.5,4.0,0.383,0.0,0.0,0.0,1.5,4.0,0.385,0.383,1.1,1.6,0.688,0.2,0.4,0.6,0.4,0.4,0.1,0.7,1.6,4.2,
237.0,Lancaster Gordon,22.0,LAC,SG,63.0,1.0,10.8,1.7,4.6,0.383,0.0,0.1,0.222,1.7,4.4,0.388,0.387,0.6,0.8,0.755,0.4,0.6,1.0,1.4,0.5,0.1,1.1,1.0,4.1,
238.0,Walker Russell,24.0,ATL,PG,21.0,2.0,18.0,1.6,3.0,0.54,0.0,0.0,1.0,1.6,3.0,0.532,0.548,0.7,0.8,0.824,0.4,1.5,1.9,3.1,0.8,0.2,1.9,1.8,4.0,
239.0,Mark West,24.0,2TM,C,66.0,25.0,13.5,1.6,2.9,0.546,0.0,0.0,0.0,1.6,2.9,0.549,0.546,0.7,1.3,0.494,1.4,2.4,3.8,0.2,0.2,0.7,0.9,3.0,3.9,
239.0,Mark West,24.0,MIL,C,1.0,0.0,6.0,0.0,1.0,0.0,0.0,0.0,,0.0,1.0,0.0,0.0,2.0,2.0,1.0,1.0,0.0,1.0,0.0,0.0,1.0,2.0,4.0,2.0,
239.0,Mark West,24.0,CLE,C,65.0,25.0,13.6,1.6,3.0,0.549,0.0,0.0,0.0,1.6,3.0,0.552,0.549,0.6,1.3,0.482,1.4,2.5,3.8,0.2,0.2,0.7,0.9,3.0,3.9,
240.0,Kenny Fields,22.0,MIL,SF,51.0,1.0,10.5,1.6,3.7,0.44,0.0,0.0,,1.6,3.7,0.44,0.44,0.5,0.7,0.75,0.8,0.8,1.6,0.7,0.2,0.2,0.6,1.6,3.8,
241.0,Scott Hastings,24.0,ATL,PF,64.0,1.0,12.9,1.4,2.9,0.473,0.0,0.0,,1.4,2.9,0.473,0.473,1.0,1.3,0.778,0.9,1.6,2.5,0.7,0.4,0.4,0.8,2.1,3.8,
242.0,Rich Kelley,31.0,UTA,C,77.0,34.0,16.6,1.3,2.8,0.477,0.0,0.0,0.0,1.3,2.8,0.481,0.477,1.1,1.5,0.75,1.5,3.0,4.5,1.6,0.5,0.4,1.6,2.9,3.8,
243.0,Gary Plummer,22.0,GSW,PF,66.0,0.0,10.6,1.4,3.5,0.397,0.0,0.1,0.25,1.4,3.5,0.399,0.399,1.0,1.4,0.707,0.8,1.2,2.0,0.4,0.2,0.2,0.8,1.9,3.8,
244.0,Larry Micheaux,24.0,2TM,PF,57.0,0.0,9.9,1.6,2.8,0.58,0.0,0.1,0.0,1.6,2.7,0.591,0.58,0.5,0.8,0.674,1.1,1.4,2.5,0.5,0.4,0.4,0.6,1.3,3.7,
244.0,Larry Micheaux,24.0,MIL,PF,18.0,0.0,9.5,0.9,1.9,0.486,0.0,0.0,,0.9,1.9,0.486,0.486,0.7,0.9,0.706,1.0,1.4,2.4,0.7,0.4,0.4,0.4,1.4,2.6,
244.0,Larry Micheaux,24.0,HOU,PF,39.0,0.0,10.1,1.9,3.1,0.607,0.0,0.1,0.0,1.9,3.1,0.622,0.607,0.4,0.7,0.654,1.1,1.4,2.5,0.4,0.3,0.4,0.7,1.3,4.2,
245.0,Jerry Eaves,25.0,ATL,PG,3.0,0.0,12.3,1.0,2.0,0.5,0.0,0.0,,1.0,2.0,0.5,0.5,1.7,2.0,0.833,0.0,0.0,0.0,1.3,0.0,0.0,1.3,2.0,3.7,
246.0,Ozell Jones,24.0,SAS,C,67.0,6.0,13.3,1.6,2.7,0.589,0.0,0.0,0.0,1.6,2.7,0.592,0.589,0.5,1.2,0.398,1.0,2.6,3.6,0.8,0.4,0.9,0.9,2.1,3.7,
247.0,Bryan Warrick,25.0,LAC,PG,58.0,1.0,12.3,1.5,3.0,0.491,0.0,0.1,0.25,1.4,2.9,0.497,0.494,0.8,1.0,0.772,0.2,0.8,1.0,2.6,0.4,0.1,1.2,1.5,3.7,
248.0,Danny Schayes,25.0,DEN,C,56.0,0.0,9.7,1.1,2.3,0.465,0.0,0.0,,1.1,2.3,0.465,0.465,1.4,1.7,0.814,0.9,1.7,2.6,0.7,0.4,0.4,0.8,1.8,3.6,
249.0,Alvin Scott,29.0,PHO,SF,77.0,18.0,16.1,1.4,3.4,0.429,0.0,0.1,0.2,1.4,3.3,0.433,0.431,0.7,1.0,0.716,0.6,1.5,2.1,1.6,0.5,0.3,0.8,1.6,3.6,
250.0,Joe Kopicki,24.0,DEN,PF,42.0,0.0,7.3,1.2,2.3,0.526,0.0,0.1,0.667,1.1,2.2,0.522,0.537,1.0,1.3,0.796,0.7,1.4,2.0,0.7,0.3,0.0,0.7,1.4,3.5,
251.0,Kevin Williams,23.0,CLE,SG,46.0,4.0,9.0,1.3,2.9,0.433,0.0,0.1,0.0,1.3,2.8,0.45,0.433,1.0,1.4,0.734,0.4,1.0,1.4,1.3,0.5,0.1,1.1,1.9,3.5,
252.0,J.J. Anderson,24.0,UTA,SF,44.0,0.0,10.4,1.4,3.4,0.409,0.0,0.0,0.0,1.4,3.3,0.415,0.409,0.6,1.0,0.6,0.7,1.2,1.9,0.5,0.7,0.2,0.7,1.6,3.4,
253.0,Cory Blackwell,21.0,SEA,SF,60.0,0.0,9.2,1.5,4.0,0.367,0.0,0.0,0.0,1.5,3.9,0.37,0.367,0.5,0.9,0.509,0.7,0.9,1.6,0.4,0.4,0.1,0.7,0.9,3.4,
254.0,Don Buse,34.0,KCK,PG,65.0,14.0,14.4,1.3,3.1,0.404,0.5,1.3,0.356,0.8,1.8,0.44,0.48,0.4,0.5,0.767,0.3,0.6,0.9,3.1,0.6,0.0,0.7,1.2,3.4,
255.0,Caldwell Jones,34.0,CHI,C,42.0,32.0,21.1,1.3,2.7,0.461,0.0,0.0,0.0,1.3,2.7,0.469,0.461,0.9,1.1,0.766,1.2,3.9,5.0,0.8,0.3,0.7,1.0,3.0,3.4,
256.0,Jawann Oldham,27.0,CHI,C,63.0,0.0,15.8,1.4,3.0,0.464,0.0,0.0,0.0,1.4,3.0,0.466,0.464,0.5,0.8,0.68,1.3,2.5,3.7,0.5,0.2,2.0,0.9,2.6,3.4,
257.0,Geoff Huston,27.0,CLE,PG,8.0,0.0,11.6,1.5,3.1,0.48,0.0,0.0,,1.5,3.1,0.48,0.48,0.3,0.4,0.667,0.0,0.1,0.1,2.9,0.0,0.0,1.0,1.0,3.3,
258.0,Bernard Thompson,22.0,POR,SF,59.0,0.0,9.1,1.3,3.6,0.373,0.0,0.1,0.0,1.3,3.5,0.387,0.373,0.7,0.9,0.765,0.6,0.7,1.3,0.9,0.5,0.2,0.6,1.3,3.3,
259.0,Willie White,22.0,DEN,SG,39.0,0.0,6.0,1.3,3.2,0.419,0.1,0.3,0.364,1.2,2.9,0.425,0.435,0.5,0.8,0.677,0.4,0.5,0.9,0.7,0.1,0.1,0.8,0.6,3.3,
260.0,M.L. Carr,34.0,BOS,SF,47.0,0.0,8.4,1.3,3.2,0.416,0.2,0.5,0.391,1.1,2.7,0.421,0.446,0.4,0.4,1.0,0.4,0.5,0.9,0.5,0.4,0.1,0.5,0.9,3.2,
261.0,Jim Petersen,22.0,HOU,PF,60.0,0.0,11.9,1.2,2.4,0.486,0.0,0.0,,1.2,2.4,0.486,0.486,0.8,1.1,0.758,0.7,1.7,2.5,0.5,0.2,0.5,1.2,2.1,3.2,
262.0,Granville Waiters,24.0,IND,C,62.0,5.0,11.3,1.4,3.1,0.447,0.0,0.0,0.0,1.4,3.0,0.45,0.447,0.5,0.8,0.58,0.9,1.8,2.7,0.5,0.3,0.7,0.9,1.7,3.2,
263.0,Leon Wood,22.0,PHI,PG,38.0,1.0,7.1,1.3,3.5,0.373,0.1,0.8,0.133,1.2,2.7,0.442,0.388,0.5,0.7,0.692,0.1,0.4,0.5,1.2,0.2,0.0,0.7,0.4,3.2,
264.0,Sam Williams,25.0,PHI,PF,46.0,8.0,10.6,1.3,3.2,0.392,0.0,0.0,0.0,1.3,3.2,0.395,0.392,0.6,1.0,0.596,0.8,1.5,2.3,0.2,0.6,0.6,1.0,2.0,3.1,
265.0,John Schweitz,24.0,SEA,SG,19.0,0.0,5.8,1.3,3.9,0.338,0.0,0.2,0.0,1.3,3.7,0.357,0.338,0.4,0.5,0.7,0.3,0.8,1.1,0.9,0.0,0.1,0.7,0.6,3.0,
266.0,Wallace Bryant,25.0,DAL,C,56.0,35.0,15.4,1.2,2.6,0.453,0.0,0.0,,1.2,2.6,0.453,0.453,0.5,0.8,0.682,1.3,3.0,4.3,1.5,0.4,0.4,0.8,2.0,2.9,
267.0,Harvey Catchings,33.0,LAC,C,70.0,14.0,15.0,1.0,2.1,0.483,0.0,0.0,0.0,1.0,2.1,0.486,0.483,0.8,1.3,0.663,1.3,2.5,3.7,0.2,0.2,0.8,0.8,2.3,2.9,
268.0,Don Collins,26.0,WSB,SG,11.0,0.0,8.3,1.1,3.1,0.353,0.0,0.0,,1.1,3.1,0.353,0.353,0.7,0.8,0.889,0.9,0.8,1.7,0.6,0.6,0.4,0.7,0.5,2.9,
269.0,Wayne Sappleton,24.0,NJN,PF,33.0,0.0,9.0,1.2,2.6,0.471,0.0,0.0,,1.2,2.6,0.471,0.471,0.4,1.0,0.412,0.8,1.4,2.3,0.2,0.2,0.1,0.6,1.5,2.9,
270.0,Guy Williams,24.0,WSB,SF,21.0,0.0,5.7,1.4,3.0,0.46,0.0,0.2,0.25,1.3,2.8,0.475,0.468,0.1,0.2,0.4,0.7,0.6,1.3,0.4,0.2,0.1,0.4,0.8,2.9,
271.0,David Thirdkill,24.0,3TM,SF,18.0,3.0,10.2,1.1,2.1,0.526,0.0,0.1,0.0,1.1,2.1,0.541,0.526,0.6,1.1,0.579,0.6,0.4,0.9,0.2,0.3,0.2,0.8,1.2,2.8,
271.0,David Thirdkill,24.0,DET,SF,10.0,1.0,11.5,1.2,2.3,0.522,0.0,0.1,0.0,1.2,2.2,0.545,0.522,0.5,1.1,0.455,0.4,0.4,0.8,0.1,0.3,0.2,1.2,1.6,2.9,
271.0,David Thirdkill,24.0,MIL,SF,6.0,0.0,2.7,0.5,0.7,0.75,0.0,0.0,,0.5,0.7,0.75,0.75,0.2,0.3,0.5,0.2,0.2,0.3,0.0,0.0,0.0,0.0,0.2,1.2,
271.0,David Thirdkill,24.0,SAS,SF,2.0,2.0,26.0,2.5,5.5,0.455,0.0,0.0,,2.5,5.5,0.455,0.455,2.5,3.0,0.833,2.5,1.0,3.5,1.5,1.0,0.5,1.0,2.5,7.5,
272.0,Rickey Brown,26.0,ATL,C,69.0,5.0,11.8,1.1,2.8,0.406,0.0,0.0,,1.1,2.8,0.406,0.406,0.6,1.0,0.574,1.1,2.1,3.2,0.4,0.3,0.3,0.7,1.7,2.8,
273.0,Reggie King,27.0,SEA,SF,60.0,5.0,14.3,1.1,2.5,0.423,0.0,0.0,,1.1,2.5,0.423,0.423,0.7,1.0,0.695,0.7,1.3,2.0,0.9,0.5,0.2,0.7,1.2,2.8,
274.0,Ronnie Lester,26.0,LAL,PG,32.0,1.0,8.7,1.1,2.6,0.415,0.0,0.0,0.0,1.1,2.5,0.42,0.415,0.7,1.0,0.677,0.1,0.7,0.8,2.5,0.5,0.1,1.0,0.8,2.8,
275.0,Ed Nealy,24.0,KCK,PF,22.0,0.0,10.2,1.2,2.0,0.591,0.0,0.0,,1.2,2.0,0.591,0.591,0.5,0.9,0.526,0.7,1.3,2.0,0.8,0.1,0.0,0.5,1.2,2.8,
276.0,Carlos Clark,24.0,BOS,SG,62.0,3.0,9.1,1.0,2.5,0.421,0.0,0.1,0.0,1.0,2.4,0.435,0.421,0.7,0.9,0.774,0.5,0.6,1.1,0.8,0.6,0.0,0.7,1.1,2.7,
277.0,Major Jones,31.0,DET,PF,47.0,0.0,8.9,1.0,1.9,0.552,0.0,0.0,,1.0,1.9,0.552,0.552,0.7,1.1,0.647,1.0,1.7,2.7,0.3,0.2,0.3,0.7,1.2,2.7,
278.0,Mark McNamara,25.0,2TM,C,45.0,0.0,6.1,0.9,1.7,0.526,0.0,0.0,,0.9,1.7,0.526,0.526,0.7,1.4,0.516,0.7,1.0,1.6,0.1,0.2,0.2,0.4,0.6,2.5,
278.0,Mark McNamara,25.0,SAS,C,12.0,0.0,5.3,1.0,1.5,0.667,0.0,0.0,,1.0,1.5,0.667,0.667,0.8,1.5,0.5,0.6,0.8,1.4,0.0,0.2,0.1,0.5,0.4,2.8,
278.0,Mark McNamara,25.0,KCK,C,33.0,0.0,6.4,0.8,1.8,0.483,0.0,0.0,,0.8,1.8,0.483,0.483,0.7,1.3,0.523,0.7,1.0,1.7,0.2,0.2,0.2,0.4,0.7,2.4,
279.0,Scooter McCray,24.0,SEA,PF,6.0,0.0,15.5,1.0,1.7,0.6,0.0,0.0,,1.0,1.7,0.6,0.6,0.5,0.7,0.75,1.0,1.8,2.8,1.2,0.2,0.5,1.7,2.2,2.5,
280.0,Quinn Buckner,30.0,BOS,PG,75.0,6.0,11.4,1.0,2.6,0.383,0.0,0.0,0.0,1.0,2.6,0.385,0.383,0.4,0.7,0.64,0.3,0.8,1.2,2.0,0.8,0.0,0.9,1.9,2.4,
281.0,Tom Sluby,22.0,DAL,SG,31.0,0.0,4.9,1.0,1.9,0.517,0.0,0.1,0.0,1.0,1.8,0.536,0.517,0.4,0.7,0.619,0.2,0.2,0.4,0.5,0.1,0.0,0.4,0.6,2.4,
282.0,Robert Smith,29.0,CLE,PG,7.0,0.0,6.9,0.6,2.4,0.235,0.0,0.6,0.0,0.6,1.9,0.308,0.235,1.1,1.4,0.8,0.0,0.6,0.6,1.0,0.3,0.0,0.4,0.9,2.3,
283.0,Dane Suttle,23.0,KCK,SG,6.0,0.0,4.0,1.0,2.2,0.462,0.0,0.2,0.0,1.0,2.0,0.5,0.462,0.3,0.3,1.0,0.0,0.5,0.5,0.3,0.2,0.0,0.2,0.5,2.3,
284.0,Pete Verhoeven,25.0,KCK,PF,54.0,0.0,6.8,0.9,2.0,0.472,0.0,0.0,,0.9,2.0,0.472,0.472,0.4,0.5,0.84,0.5,0.6,1.2,0.3,0.3,0.1,0.4,1.6,2.3,
285.0,Pace Mannion,24.0,UTA,SF,34.0,0.0,5.6,0.8,1.9,0.429,0.0,0.0,0.0,0.8,1.8,0.435,0.429,0.5,0.7,0.696,0.4,0.3,0.7,0.8,0.5,0.1,0.5,0.5,2.1,
286.0,Charlie Sitton,22.0,DAL,SF,43.0,0.0,7.1,0.9,2.2,0.415,0.0,0.0,0.0,0.9,2.1,0.424,0.415,0.3,0.6,0.52,0.6,0.8,1.4,0.6,0.2,0.1,0.4,1.2,2.1,
287.0,Stuart Gray,21.0,IND,C,52.0,0.0,7.5,0.7,1.8,0.38,0.0,0.0,,0.7,1.8,0.38,0.38,0.6,0.9,0.681,0.6,1.8,2.4,0.3,0.2,0.3,1.0,1.6,2.0,
288.0,Steve Hayes,29.0,PHI,C,11.0,0.0,9.2,0.9,1.6,0.556,0.0,0.0,,0.9,1.6,0.556,0.556,0.2,0.4,0.5,1.0,2.1,3.1,0.1,0.1,0.4,0.2,1.7,2.0,
289.0,Ralph Jackson,22.0,IND,PG,1.0,0.0,12.0,1.0,3.0,0.333,0.0,0.0,,1.0,3.0,0.333,0.333,0.0,0.0,,1.0,0.0,1.0,4.0,2.0,0.0,1.0,1.0,2.0,
290.0,Truck Robinson,33.0,NYK,PF,2.0,1.0,17.5,1.0,2.5,0.4,0.0,0.0,,1.0,2.5,0.4,0.4,0.0,1.0,0.0,3.0,1.5,4.5,1.5,1.0,1.5,2.5,1.5,2.0,
291.0,Campy Russell,33.0,CLE,SF,3.0,0.0,8.0,0.7,2.3,0.286,0.0,0.3,0.0,0.7,2.0,0.333,0.286,0.7,1.0,0.667,0.0,1.7,1.7,1.0,0.0,0.0,1.7,1.0,2.0,
292.0,Linton Townes,25.0,SAS,SF,1.0,0.0,8.0,0.0,6.0,0.0,0.0,0.0,,0.0,6.0,0.0,0.0,2.0,2.0,1.0,1.0,0.0,1.0,0.0,0.0,0.0,0.0,1.0,2.0,
293.0,Michael Young,24.0,PHO,SF,2.0,0.0,5.5,1.0,3.0,0.333,0.0,0.5,0.0,1.0,2.5,0.4,0.333,0.0,0.0,,0.5,0.5,1.0,0.0,0.0,0.0,0.0,0.0,2.0,
294.0,Chris Engler,25.0,3TM,C,11.0,0.0,7.5,0.7,1.8,0.4,0.0,0.0,,0.7,1.8,0.4,0.4,0.5,0.8,0.556,1.1,1.6,2.7,0.0,0.2,0.5,0.2,0.5,1.9,
294.0,Chris Engler,25.0,NJN,C,7.0,0.0,10.9,1.0,2.3,0.438,0.0,0.0,,1.0,2.3,0.438,0.438,0.7,1.3,0.556,1.4,2.4,3.9,0.0,0.3,0.6,0.1,0.6,2.7,
294.0,Chris Engler,25.0,CHI,C,3.0,0.0,1.0,0.3,0.7,0.5,0.0,0.0,,0.3,0.7,0.5,0.5,0.0,0.0,,0.3,0.3,0.7,0.0,0.0,0.0,0.3,0.3,0.7,
294.0,Chris Engler,25.0,MIL,C,1.0,0.0,3.0,0.0,2.0,0.0,0.0,0.0,,0.0,2.0,0.0,0.0,0.0,0.0,,1.0,0.0,1.0,0.0,0.0,1.0,0.0,0.0,0.0,
295.0,Craig Ehlo,23.0,HOU,SG,45.0,0.0,4.2,0.8,1.5,0.493,0.0,0.1,0.0,0.8,1.5,0.515,0.493,0.4,0.7,0.633,0.2,0.4,0.6,0.6,0.2,0.1,0.5,0.6,1.9,
296.0,David Pope,22.0,KCK,SF,22.0,0.0,5.9,0.8,2.4,0.321,0.0,0.0,0.0,0.8,2.4,0.327,0.321,0.3,0.6,0.538,0.4,0.4,0.8,0.2,0.1,0.1,0.3,1.4,1.9,
297.0,Rick Carlisle,25.0,BOS,SG,38.0,0.0,4.7,0.7,1.8,0.388,0.0,0.1,0.0,0.7,1.7,0.4,0.388,0.4,0.4,0.882,0.2,0.3,0.6,0.7,0.1,0.0,0.5,0.6,1.8,
298.0,Phil Ford,28.0,HOU,PG,25.0,1.0,11.6,0.6,1.9,0.298,0.0,0.2,0.0,0.6,1.7,0.326,0.298,0.6,0.7,0.889,0.1,1.0,1.1,2.4,0.2,0.0,0.7,1.3,1.8,
299.0,Stewart Granger,23.0,ATL,PG,9.0,1.0,10.2,0.7,1.9,0.353,0.0,0.1,0.0,0.7,1.8,0.375,0.353,0.4,0.9,0.5,0.1,0.6,0.7,1.3,0.2,0.0,1.3,1.4,1.8,
300.0,George Johnson,36.0,NJN,C,65.0,0.0,12.3,0.6,1.2,0.532,0.0,0.0,1.0,0.6,1.2,0.526,0.538,0.3,0.4,0.815,1.1,1.7,2.8,0.3,0.3,1.2,0.6,2.3,1.6,
301.0,Greg Kite,23.0,BOS,C,55.0,4.0,7.7,0.6,1.6,0.375,0.0,0.0,,0.6,1.6,0.375,0.375,0.4,0.6,0.688,0.7,0.9,1.6,0.3,0.1,0.2,0.5,1.5,1.6,
302.0,Ron Cavenall,25.0,NYK,C,53.0,2.0,12.3,0.5,1.6,0.326,0.0,0.0,,0.5,1.6,0.326,0.326,0.4,0.7,0.564,1.0,2.1,3.1,0.4,0.2,0.8,0.8,2.3,1.5,
303.0,Hank McDowell,25.0,HOU,PF,34.0,0.0,3.9,0.6,1.2,0.476,0.0,0.0,0.0,0.6,1.2,0.488,0.476,0.2,0.3,0.7,0.2,0.4,0.6,0.3,0.1,0.1,0.2,0.6,1.4,
304.0,Sidney Lowe,25.0,2TM,PG,21.0,0.0,9.0,0.5,1.3,0.37,0.0,0.0,0.0,0.5,1.2,0.385,0.37,0.4,0.4,1.0,0.2,0.6,0.8,2.4,0.5,0.0,0.6,1.3,1.3,
304.0,Sidney Lowe,25.0,DET,PG,6.0,0.0,5.2,0.3,1.2,0.286,0.0,0.0,,0.3,1.2,0.286,0.286,0.0,0.0,,0.0,0.2,0.2,1.3,0.0,0.0,0.3,0.8,0.7,
304.0,Sidney Lowe,25.0,ATL,PG,15.0,0.0,10.6,0.5,1.3,0.4,0.0,0.1,0.0,0.5,1.3,0.421,0.4,0.5,0.5,1.0,0.3,0.7,1.0,2.8,0.7,0.0,0.7,1.5,1.6,
305.0,Butch Graves,23.0,CLE,SG,4.0,0.0,2.8,0.5,1.5,0.333,0.0,0.3,0.0,0.5,1.3,0.4,0.333,0.3,1.3,0.2,0.0,0.5,0.5,0.3,0.3,0.0,0.3,1.0,1.3,
306.0,Billy Paultz,36.0,UTA,C,62.0,0.0,6.0,0.5,1.4,0.368,0.0,0.0,,0.5,1.4,0.368,0.368,0.3,0.5,0.643,0.4,1.2,1.5,0.3,0.1,0.2,0.5,0.8,1.3,
307.0,Rick Robey,29.0,PHO,C,4.0,0.0,12.0,0.5,2.3,0.222,0.0,0.0,,0.5,2.3,0.222,0.222,0.3,0.5,0.5,0.8,1.3,2.0,1.3,0.5,0.0,2.0,1.8,1.3,
308.0,Tom Scheffler,30.0,POR,C,39.0,0.0,6.9,0.5,1.3,0.412,0.0,0.0,,0.5,1.3,0.412,0.412,0.3,0.5,0.5,0.5,1.5,1.9,0.3,0.2,0.3,0.4,1.2,1.3,
309.0,Danny Young,22.0,SEA,PG,3.0,0.0,8.7,0.7,3.3,0.2,0.0,0.3,0.0,0.7,3.0,0.222,0.2,0.0,0.0,,0.0,1.0,1.0,0.7,1.0,0.0,0.7,0.7,1.3,
310.0,Lorenzo Romar,26.0,2TM,PG,9.0,0.0,5.7,0.3,1.8,0.188,0.0,0.3,0.0,0.3,1.4,0.231,0.188,0.6,0.6,1.0,0.0,0.0,0.0,1.3,0.4,0.0,0.6,0.8,1.2,
310.0,Lorenzo Romar,26.0,MIL,PG,4.0,0.0,4.0,0.3,2.0,0.125,0.0,0.3,0.0,0.3,1.8,0.143,0.125,0.0,0.0,,0.0,0.0,0.0,0.5,0.0,0.0,0.0,0.5,0.5,
310.0,Lorenzo Romar,26.0,DET,PG,5.0,0.0,7.0,0.4,1.6,0.25,0.0,0.4,0.0,0.4,1.2,0.333,0.25,1.0,1.0,1.0,0.0,0.0,0.0,2.0,0.8,0.0,1.0,1.0,1.8,
311.0,Dale Wilkinson,24.0,2TM,PF,12.0,0.0,3.8,0.3,1.3,0.25,0.0,0.1,0.0,0.3,1.3,0.267,0.25,0.5,0.6,0.857,0.1,0.3,0.3,0.2,0.0,0.0,0.3,0.8,1.2,
311.0,Dale Wilkinson,24.0,DET,PF,2.0,0.0,3.5,0.0,1.0,0.0,0.0,0.0,,0.0,1.0,0.0,0.0,0.0,0.0,,0.0,0.5,0.5,0.0,0.0,0.0,0.0,1.0,0.0,
311.0,Dale Wilkinson,24.0,LAC,SF,10.0,0.0,3.8,0.4,1.4,0.286,0.0,0.1,0.0,0.4,1.3,0.308,0.286,0.6,0.7,0.857,0.1,0.2,0.3,0.2,0.0,0.0,0.4,0.8,1.4,
312.0,Jay Murphy,22.0,LAC,PF,23.0,0.0,6.5,0.3,2.2,0.16,0.0,0.0,0.0,0.3,2.1,0.163,0.16,0.5,0.9,0.571,0.3,1.5,1.8,0.2,0.0,0.1,0.3,0.9,1.2,
313.0,Kenton Edelin,22.0,IND,SF,10.0,1.0,14.3,0.4,1.3,0.308,0.0,0.0,,0.4,1.3,0.308,0.308,0.3,0.8,0.375,0.8,1.8,2.6,1.0,0.5,0.4,0.3,3.9,1.1,
314.0,Chuck Nevitt,25.0,LAL,C,11.0,0.0,5.4,0.5,1.5,0.294,0.0,0.0,,0.5,1.5,0.294,0.294,0.2,0.7,0.25,0.5,1.4,1.8,0.3,0.0,1.4,0.9,1.8,1.1,
315.0,Tom LaGarde,29.0,NJN,C,1.0,0.0,8.0,0.0,1.0,0.0,0.0,0.0,,0.0,1.0,0.0,0.0,1.0,2.0,0.5,1.0,1.0,2.0,0.0,0.0,0.0,1.0,2.0,1.0,
316.0,Tom Sewell,22.0,WSB,SG,21.0,0.0,4.1,0.4,1.7,0.25,0.0,0.1,0.0,0.4,1.6,0.265,0.25,0.1,0.2,0.5,0.1,0.1,0.2,0.3,0.1,0.0,0.3,0.6,1.0,
317.0,Kenny Natt,26.0,2TM,SG,8.0,0.0,3.6,0.3,0.8,0.333,0.0,0.0,,0.3,0.8,0.333,0.333,0.3,0.5,0.5,0.3,0.1,0.4,0.4,0.3,0.0,0.4,0.4,0.8,
317.0,Kenny Natt,26.0,UTA,SG,4.0,0.0,3.3,0.5,1.3,0.4,0.0,0.0,,0.5,1.3,0.4,0.4,0.5,1.0,0.5,0.3,0.3,0.5,0.0,0.3,0.0,0.8,0.5,1.5,
317.0,Kenny Natt,26.0,KCK,SG,4.0,0.0,4.0,0.0,0.3,0.0,0.0,0.0,,0.0,0.3,0.0,0.0,0.0,0.0,,0.3,0.0,0.3,0.8,0.3,0.0,0.0,0.3,0.0,
318.0,Howard Carter,23.0,DAL,SG,11.0,0.0,6.0,0.4,2.1,0.174,0.0,0.3,0.0,0.4,1.8,0.2,0.174,0.1,0.1,1.0,0.1,0.2,0.3,0.4,0.1,0.0,0.7,0.4,0.8,
319.0,Earl Jones,24.0,LAL,C,2.0,0.0,3.5,0.0,0.5,0.0,0.0,0.0,,0.0,0.5,0.0,0.0,0.0,0.0,,0.0,0.0,0.0,0.0,0.0,0.0,0.5,0.0,0.0,
320.0,Leo Rautins,24.0,ATL,SF,4.0,0.0,3.0,0.0,0.5,0.0,0.0,0.0,,0.0,0.5,0.0,0.0,0.0,0.0,,0.3,0.3,0.5,0.8,0.0,0.0,0.3,0.8,0.0,
,League Average,,,,,,,,,0.491,,,0.282,,,0.499,0.496,,,0.764,,,,,,,,,,
